"Time","A4260502"
"and","Discharge (Ml/day)"
"Date","Point"
01/01/1970 09:00,    1906.000
02/01/1970 09:00,    1889.000
03/01/1970 09:00,    1705.000
05/01/1970 09:00,    1705.000
06/01/1970 09:00,    2050.000
07/01/1970 09:00,    2268.000
08/01/1970 09:00,    2266.000
12/01/1970 09:00,    2266.000
13/01/1970 09:00,    1823.000
14/01/1970 09:00,    1309.000
15/01/1970 09:00,    1309.000
16/01/1970 09:00,    1314.000
17/01/1970 09:00,    1316.000
18/01/1970 09:00,    1316.000
19/01/1970 09:00,    1321.000
20/01/1970 09:00,    1314.000
21/01/1970 09:00,    1309.000
22/01/1970 09:00,    1309.000
23/01/1970 09:00,    1289.000
24/01/1970 09:00,    1272.000
26/01/1970 09:00,    1272.000
27/01/1970 09:00,    1280.000
28/01/1970 09:00,    1304.000
29/01/1970 09:00,    1331.000
30/01/1970 09:00,    1351.000
31/01/1970 09:00,    2819.000
01/02/1970 09:00,    2816.000
02/02/1970 09:00,    3450.000
03/02/1970 09:00,    3340.000
04/02/1970 09:00,    2439.000
05/02/1970 09:00,    2425.000
06/02/1970 09:00,    1314.000
07/02/1970 09:00,    1319.000
08/02/1970 09:00,    1321.000
09/02/1970 09:00,    1321.000
10/02/1970 09:00,    2836.000
11/02/1970 09:00,    4172.000
12/02/1970 09:00,    4739.000
13/02/1970 09:00,    5182.000
14/02/1970 09:00,    5314.000
15/02/1970 09:00,    5297.000
16/02/1970 09:00,    5290.000
17/02/1970 09:00,    4852.000
18/02/1970 09:00,    4703.000
19/02/1970 09:00,    3883.000
20/02/1970 09:00,    3881.000
21/02/1970 09:00,    4216.000
22/02/1970 09:00,    4201.000
23/02/1970 09:00,    4184.000
24/02/1970 09:00,    4174.000
25/02/1970 09:00,    3643.000
26/02/1970 09:00,    2474.000
27/02/1970 09:00,    2476.000
28/02/1970 09:00,    3626.000
01/03/1970 09:00,    3607.000
02/03/1970 09:00,    3597.000
03/03/1970 09:00,    3090.000
04/03/1970 09:00,    2616.000
05/03/1970 09:00,    2608.000
06/03/1970 09:00,    2586.000
07/03/1970 09:00,    1417.000
08/03/1970 09:00,    1414.000
09/03/1970 09:00,    1417.000
10/03/1970 09:00,    2449.000
11/03/1970 09:00,    2442.000
12/03/1970 09:00,    2589.000
13/03/1970 09:00,    2589.000
14/03/1970 09:00,    1047.000
15/03/1970 09:00,    1050.000
16/03/1970 09:00,    1055.000
17/03/1970 09:00,    2564.000
18/03/1970 09:00,    3090.000
19/03/1970 09:00,    3389.000
20/03/1970 09:00,    3357.000
21/03/1970 09:00,    2354.000
22/03/1970 09:00,    2346.000
23/03/1970 09:00,    2351.000
24/03/1970 09:00,    1541.000
25/03/1970 09:00,    1539.000
26/03/1970 09:00,    1539.000
27/03/1970 09:00,    2075.000
28/03/1970 09:00,    2075.000
29/03/1970 09:00,    2655.000
30/03/1970 09:00,    2650.000
31/03/1970 09:00,    1030.000
01/04/1970 09:00,    1013.000
02/04/1970 09:00,    1006.000
03/04/1970 09:00,    1023.000
04/04/1970 09:00,     998.000
05/04/1970 09:00,     986.000
06/04/1970 09:00,     991.000
07/04/1970 09:00,     991.000
08/04/1970 09:00,     502.000
09/04/1970 09:00,     497.000
10/04/1970 09:00,     494.000
11/04/1970 09:00,     497.000
12/04/1970 09:00,     499.000
13/04/1970 09:00,     504.000
14/04/1970 09:00,     506.000
15/04/1970 09:00,     516.000
16/04/1970 09:00,     516.000
17/04/1970 09:00,     526.000
18/04/1970 09:00,     538.000
19/04/1970 09:00,     551.000
20/04/1970 09:00,     553.000
21/04/1970 09:00,     555.000
23/04/1970 09:00,     555.000
24/04/1970 09:00,     543.000
25/04/1970 09:00,     548.000
26/04/1970 09:00,     551.000
27/04/1970 09:00,     553.000
28/04/1970 09:00,     555.000
29/04/1970 09:00,     565.000
04/05/1970 09:00,     565.000
05/05/1970 09:00,     529.000
06/05/1970 09:00,     504.000
07/05/1970 09:00,     506.000
08/05/1970 09:00,     506.000
09/05/1970 09:00,     494.000
11/05/1970 09:00,     494.000
12/05/1970 09:00,    1309.000
13/05/1970 09:00,    1297.000
14/05/1970 09:00,    1297.000
15/05/1970 09:00,    1280.000
16/05/1970 09:00,    1245.000
19/05/1970 09:00,    1245.000
20/05/1970 09:00,    1561.000
21/05/1970 09:00,    1561.000
22/05/1970 09:00,    1551.000
23/05/1970 09:00,    1544.000
24/05/1970 09:00,    1541.000
25/05/1970 09:00,    1537.000
26/05/1970 09:00,    1537.000
27/05/1970 09:00,    1564.000
28/05/1970 09:00,    1571.000
29/05/1970 09:00,    1588.000
30/05/1970 09:00,    1627.000
31/05/1970 09:00,    1634.000
01/06/1970 09:00,    1637.000
02/06/1970 09:00,    1671.000
03/06/1970 09:00,    1686.000
04/06/1970 09:00,    1696.000
05/06/1970 09:00,    1696.000
06/06/1970 09:00,    1705.000
07/06/1970 09:00,    1708.000
08/06/1970 09:00,    1710.000
09/06/1970 09:00,    1886.000
10/06/1970 09:00,    1889.000
11/06/1970 09:00,    1889.000
12/06/1970 09:00,    1894.000
13/06/1970 09:00,    1896.000
15/06/1970 09:00,    1896.000
16/06/1970 09:00,    1901.000
17/06/1970 09:00,    1931.000
18/06/1970 09:00,    1236.000
19/06/1970 09:00,    1236.000
20/06/1970 09:00,    1238.000
21/06/1970 09:00,    1248.000
22/06/1970 09:00,    1250.000
23/06/1970 09:00,     538.000
25/06/1970 09:00,     538.000
26/06/1970 09:00,     543.000
27/06/1970 09:00,     555.000
28/06/1970 09:00,     555.000
29/06/1970 09:00,     548.000
30/06/1970 09:00,     551.000
01/07/1970 09:00,    1253.000
02/07/1970 09:00,    1238.000
03/07/1970 09:00,    1209.000
04/07/1970 09:00,    1177.000
05/07/1970 09:00,    1177.000
06/07/1970 09:00,    1174.000
07/07/1970 09:00,    1152.000
08/07/1970 09:00,    1145.000
11/07/1970 09:00,    1145.000
12/07/1970 09:00,    1143.000
13/07/1970 09:00,    1140.000
14/07/1970 09:00,    1135.000
15/07/1970 09:00,    1135.000
16/07/1970 09:00,    1138.000
17/07/1970 09:00,    1140.000
18/07/1970 09:00,     487.000
20/07/1970 09:00,     487.000
21/07/1970 09:00,     482.000
22/07/1970 09:00,    1113.000
23/07/1970 09:00,    1108.000
27/07/1970 09:00,    1108.000
28/07/1970 09:00,    1111.000
29/07/1970 09:00,    1106.000
30/07/1970 09:00,    1104.000
31/07/1970 09:00,    1104.000
01/08/1970 09:00,    1106.000
02/08/1970 09:00,    1732.000
03/08/1970 09:00,    1730.000
04/08/1970 09:00,    1708.000
05/08/1970 09:00,    1703.000
06/08/1970 09:00,    1698.000
07/08/1970 09:00,    1698.000
08/08/1970 09:00,    1392.000
09/08/1970 09:00,    1387.000
10/08/1970 09:00,    1382.000
11/08/1970 09:00,    1382.000
12/08/1970 09:00,    1077.000
13/08/1970 09:00,    1079.000
14/08/1970 09:00,    1081.000
15/08/1970 09:00,    1089.000
16/08/1970 09:00,    1091.000
17/08/1970 09:00,    1094.000
18/08/1970 09:00,    1094.000
19/08/1970 09:00,    1101.000
20/08/1970 09:00,    1101.000
21/08/1970 09:00,    1258.000
22/08/1970 09:00,    1258.000
23/08/1970 09:00,    1255.000
24/08/1970 09:00,    1255.000
25/08/1970 09:00,    1260.000
26/08/1970 09:00,    1275.000
27/08/1970 09:00,    1282.000
28/08/1970 09:00,    1289.000
29/08/1970 09:00,    1304.000
30/08/1970 09:00,    3504.000
31/08/1970 09:00,    3766.000
01/09/1970 09:00,    5013.000
02/09/1970 09:00,    4962.000
03/09/1970 09:00,    4921.000
04/09/1970 09:00,    4867.000
05/09/1970 09:00,    4766.000
06/09/1970 09:00,    4722.000
07/09/1970 09:00,    4705.000
08/09/1970 09:00,    4590.000
09/09/1970 09:00,    4497.000
10/09/1970 09:00,    4407.000
11/09/1970 09:00,    4372.000
12/09/1970 09:00,    4316.000
13/09/1970 09:00,    4272.000
14/09/1970 09:00,    4250.000
15/09/1970 09:00,    4204.000
16/09/1970 09:00,    4123.000
17/09/1970 09:00,    4057.000
18/09/1970 09:00,    4023.000
19/09/1970 09:00,    3964.000
20/09/1970 09:00,    3927.000
21/09/1970 09:00,    3878.000
22/09/1970 09:00,    3817.000
23/09/1970 09:00,    3722.000
24/09/1970 09:00,    3589.000
25/09/1970 09:00,    4666.000
26/09/1970 09:00,    4593.000
27/09/1970 09:00,    4492.000
28/09/1970 09:00,    4438.000
29/09/1970 09:00,    4360.000
30/09/1970 09:00,    4304.000
01/10/1970 09:00,    4223.000
02/10/1970 09:00,    4118.000
03/10/1970 09:00,    3993.000
04/10/1970 09:00,    3930.000
05/10/1970 09:00,    3844.000
06/10/1970 09:00,    3822.000
07/10/1970 09:00,    3687.000
08/10/1970 09:00,    3548.000
09/10/1970 09:00,    3477.000
10/10/1970 09:00,    3379.000
11/10/1970 09:00,    3254.000
12/10/1970 09:00,    3125.000
13/10/1970 09:00,    4064.000
14/10/1970 09:00,       0.000
19/11/1970 09:00,       0.000
20/11/1970 09:00,     220.000
24/11/1970 09:00,     220.000
25/11/1970 09:00,       0.000
01/12/1970 09:00,       0.000
02/12/1970 09:00,    1077.000
03/12/1970 09:00,    1084.000
04/12/1970 09:00,    1099.000
05/12/1970 09:00,    1735.000
06/12/1970 09:00,       0.000
11/12/1970 09:00,       0.000
12/12/1970 09:00,    3440.000
13/12/1970 09:00,    3592.000
14/12/1970 09:00,    3599.000
15/12/1970 09:00,    1319.000
16/12/1970 09:00,    1311.000
17/12/1970 09:00,     438.000
20/12/1970 09:00,     438.000
21/12/1970 09:00,     436.000
22/12/1970 09:00,     436.000
23/12/1970 09:00,     443.000
24/12/1970 09:00,     455.000
25/12/1970 09:00,     462.000
26/12/1970 09:00,     465.000
27/12/1970 09:00,     472.000
28/12/1970 09:00,     484.000
29/12/1970 09:00,     494.000
30/12/1970 09:00,     504.000
31/12/1970 09:00,     509.000
01/01/1971 09:00,     524.000
03/01/1971 09:00,     524.000
04/01/1971 09:00,     521.000
05/01/1971 09:00,     347.000
06/01/1971 09:00,     355.000
07/01/1971 09:00,    1241.000
08/01/1971 09:00,    1241.000
09/01/1971 09:00,    1759.000
10/01/1971 09:00,    1769.000
11/01/1971 09:00,    1771.000
12/01/1971 09:00,    1759.000
13/01/1971 09:00,    1740.000
14/01/1971 09:00,    1282.000
15/01/1971 09:00,    1292.000
16/01/1971 09:00,    1292.000
17/01/1971 09:00,    1297.000
18/01/1971 09:00,    1292.000
19/01/1971 09:00,    1265.000
20/01/1971 09:00,    1233.000
21/01/1971 09:00,     536.000
22/01/1971 09:00,     536.000
23/01/1971 09:00,     529.000
24/01/1971 09:00,     529.000
25/01/1971 09:00,     526.000
26/01/1971 09:00,    1047.000
28/01/1971 09:00,    1047.000
29/01/1971 09:00,    1050.000
30/01/1971 09:00,    1059.000
31/01/1971 09:00,    1052.000
01/02/1971 09:00,    1047.000
02/02/1971 09:00,    1045.000
03/02/1971 09:00,    1028.000
04/02/1971 09:00,    1028.000
05/02/1971 09:00,    1204.000
06/02/1971 09:00,    1211.000
07/02/1971 09:00,    1556.000
08/02/1971 09:00,    1551.000
09/02/1971 09:00,    2019.000
10/02/1971 09:00,    1972.000
11/02/1971 09:00,    1970.000
12/02/1971 09:00,    1962.000
13/02/1971 09:00,    1446.000
14/02/1971 09:00,    1426.000
15/02/1971 09:00,    1412.000
16/02/1971 09:00,    2961.000
17/02/1971 09:00,    2914.000
18/02/1971 09:00,    2914.000
19/02/1971 09:00,    2897.000
20/02/1971 09:00,    2890.000
21/02/1971 09:00,    2882.000
22/02/1971 09:00,    2895.000
24/02/1971 09:00,    2895.000
25/02/1971 09:00,    2904.000
26/02/1971 09:00,    2924.000
27/02/1971 09:00,    2917.000
28/02/1971 09:00,    2939.000
02/03/1971 09:00,    2939.000
03/03/1971 09:00,    2948.000
04/03/1971 09:00,    4952.000
05/03/1971 09:00,    4918.000
06/03/1971 09:00,    4859.000
07/03/1971 09:00,    4791.000
08/03/1971 09:00,    4747.000
09/03/1971 09:00,    4720.000
10/03/1971 09:00,    4698.000
11/03/1971 09:00,    4678.000
12/03/1971 09:00,    4624.000
13/03/1971 09:00,    4595.000
14/03/1971 09:00,    4549.000
15/03/1971 09:00,    4529.000
16/03/1971 09:00,    4490.000
17/03/1971 09:00,    4446.000
18/03/1971 09:00,    4402.000
19/03/1971 09:00,    4355.000
20/03/1971 09:00,    4299.000
21/03/1971 09:00,    4253.000
22/03/1971 09:00,    4208.000
23/03/1971 09:00,    5055.000
24/03/1971 09:00,    5009.000
25/03/1971 09:00,    4967.000
26/03/1971 09:00,    4940.000
27/03/1971 09:00,    4984.000
28/03/1971 09:00,    4957.000
29/03/1971 09:00,    4930.000
30/03/1971 09:00,    4903.000
31/03/1971 09:00,    4862.000
01/04/1971 09:00,    4820.000
02/04/1971 09:00,    4788.000
03/04/1971 09:00,    4779.000
04/04/1971 09:00,    4752.000
05/04/1971 09:00,    4757.000
06/04/1971 09:00,    4754.000
07/04/1971 09:00,    4727.000
08/04/1971 09:00,    4683.000
09/04/1971 09:00,    4806.000
10/04/1971 09:00,    4742.000
11/04/1971 09:00,    4642.000
12/04/1971 09:00,    4590.000
13/04/1971 09:00,    4558.000
14/04/1971 09:00,    4490.000
15/04/1971 09:00,    4438.000
16/04/1971 09:00,    4392.000
17/04/1971 09:00,    4375.000
18/04/1971 09:00,    4341.000
19/04/1971 09:00,    4267.000
20/04/1971 09:00,    2227.000
21/04/1971 09:00,    2219.000
22/04/1971 09:00,    2202.000
23/04/1971 09:00,    2212.000
24/04/1971 09:00,       0.000
21/06/1971 09:00,       0.000
22/06/1971 09:00,    1069.000
23/06/1971 09:00,     306.000
24/06/1971 09:00,     306.000
25/06/1971 09:00,     308.000
26/06/1971 09:00,    1081.000
27/06/1971 09:00,    1086.000
29/06/1971 09:00,    1086.000
30/06/1971 09:00,    1099.000
01/07/1971 09:00,    1101.000
02/07/1971 09:00,    1108.000
03/07/1971 09:00,    1113.000
04/07/1971 09:00,    1118.000
05/07/1971 09:00,    1128.000
06/07/1971 09:00,    1292.000
07/07/1971 09:00,    1309.000
08/07/1971 09:00,    1329.000
09/07/1971 09:00,    1331.000
10/07/1971 09:00,    1338.000
11/07/1971 09:00,    1341.000
12/07/1971 09:00,    1336.000
13/07/1971 09:00,    1316.000
14/07/1971 09:00,    1307.000
15/07/1971 09:00,    1297.000
16/07/1971 09:00,    1292.000
17/07/1971 09:00,    1285.000
18/07/1971 09:00,    1282.000
19/07/1971 09:00,    1280.000
20/07/1971 09:00,    1282.000
21/07/1971 09:00,    1289.000
22/07/1971 09:00,    1292.000
23/07/1971 09:00,    1292.000
24/07/1971 09:00,    1304.000
25/07/1971 09:00,    1311.000
26/07/1971 09:00,    1314.000
27/07/1971 09:00,    1326.000
28/07/1971 09:00,    1351.000
29/07/1971 09:00,    1358.000
30/07/1971 09:00,    1370.000
31/07/1971 09:00,    1204.000
01/08/1971 09:00,    1209.000
02/08/1971 09:00,    1214.000
03/08/1971 09:00,    1248.000
04/08/1971 09:00,    1248.000
05/08/1971 09:00,    1233.000
06/08/1971 09:00,    1201.000
07/08/1971 09:00,    1196.000
10/08/1971 09:00,    1196.000
11/08/1971 09:00,    1209.000
12/08/1971 09:00,    1219.000
13/08/1971 09:00,    1231.000
14/08/1971 09:00,    1243.000
15/08/1971 09:00,    1233.000
16/08/1971 09:00,    1219.000
17/08/1971 09:00,    1182.000
18/08/1971 09:00,    1172.000
19/08/1971 09:00,    1162.000
20/08/1971 09:00,    1160.000
24/08/1971 09:00,    1160.000
25/08/1971 09:00,    1162.000
26/08/1971 09:00,    1162.000
27/08/1971 09:00,    1177.000
28/08/1971 09:00,    1187.000
29/08/1971 09:00,    1192.000
30/08/1971 09:00,    1196.000
31/08/1971 09:00,    1211.000
01/09/1971 09:00,    1414.000
02/09/1971 09:00,    1424.000
03/09/1971 09:00,    1436.000
04/09/1971 09:00,    1441.000
05/09/1971 09:00,    1446.000
06/09/1971 09:00,    1446.000
07/09/1971 09:00,    1431.000
08/09/1971 09:00,    1248.000
09/09/1971 09:00,    1248.000
10/09/1971 09:00,    1250.000
11/09/1971 09:00,    1245.000
12/09/1971 09:00,    1055.000
13/09/1971 09:00,    1050.000
14/09/1971 09:00,    1018.000
15/09/1971 09:00,    1001.000
16/09/1971 09:00,     993.000
17/09/1971 09:00,     971.000
18/09/1971 09:00,    1099.000
19/09/1971 09:00,    1091.000
20/09/1971 09:00,    1084.000
21/09/1971 09:00,    1072.000
22/09/1971 09:00,    1064.000
23/09/1971 09:00,    1057.000
24/09/1971 09:00,    1042.000
25/09/1971 09:00,    1179.000
26/09/1971 09:00,    1170.000
27/09/1971 09:00,    1165.000
28/09/1971 09:00,    1150.000
29/09/1971 09:00,    1138.000
30/09/1971 09:00,    1121.000
01/10/1971 09:00,    1113.000
03/10/1971 09:00,    1113.000
04/10/1971 09:00,    1111.000
05/10/1971 09:00,    1111.000
06/10/1971 09:00,    1116.000
07/10/1971 09:00,    1118.000
08/10/1971 09:00,    1126.000
09/10/1971 09:00,    1135.000
10/10/1971 09:00,    1135.000
11/10/1971 09:00,    1138.000
12/10/1971 09:00,    1138.000
13/10/1971 09:00,    1008.000
14/10/1971 09:00,    1013.000
17/10/1971 09:00,    1013.000
18/10/1971 09:00,    1015.000
19/10/1971 09:00,    1015.000
20/10/1971 09:00,    1018.000
21/10/1971 09:00,    1020.000
22/10/1971 09:00,    1020.000
23/10/1971 09:00,     876.000
24/10/1971 09:00,     876.000
25/10/1971 09:00,     878.000
26/10/1971 09:00,     869.000
27/10/1971 09:00,     433.000
30/10/1971 09:00,     433.000
31/10/1971 09:00,     431.000
02/11/1971 09:00,     431.000
03/11/1971 09:00,     854.000
04/11/1971 09:00,     996.000
05/11/1971 09:00,    1133.000
06/11/1971 09:00,    2099.000
07/11/1971 09:00,    2090.000
08/11/1971 09:00,    2085.000
09/11/1971 09:00,    2075.000
10/11/1971 09:00,    1236.000
11/11/1971 09:00,    1233.000
12/11/1971 09:00,    1233.000
13/11/1971 09:00,    1236.000
14/11/1971 09:00,    1228.000
15/11/1971 09:00,    1226.000
16/11/1971 09:00,    1223.000
17/11/1971 09:00,    1219.000
18/11/1971 09:00,    1219.000
19/11/1971 09:00,    1223.000
20/11/1971 09:00,    1223.000
21/11/1971 09:00,    1228.000
22/11/1971 09:00,    1231.000
23/11/1971 09:00,    1233.000
24/11/1971 09:00,     685.000
25/11/1971 09:00,     690.000
26/11/1971 09:00,     692.000
29/11/1971 09:00,     692.000
30/11/1971 09:00,    1241.000
01/12/1971 09:00,    1241.000
02/12/1971 09:00,    1245.000
03/12/1971 09:00,    1250.000
04/12/1971 09:00,    1253.000
08/12/1971 09:00,    1253.000
09/12/1971 09:00,    1255.000
10/12/1971 09:00,    1250.000
11/12/1971 09:00,    1245.000
12/12/1971 09:00,    1241.000
13/12/1971 09:00,    1236.000
14/12/1971 09:00,    1233.000
15/12/1971 09:00,    1228.000
16/12/1971 09:00,    1226.000
17/12/1971 09:00,    1219.000
18/12/1971 09:00,    1214.000
19/12/1971 09:00,    1209.000
20/12/1971 09:00,    1204.000
21/12/1971 09:00,    1067.000
22/12/1971 09:00,    1067.000
23/12/1971 09:00,    1064.000
24/12/1971 09:00,    1064.000
25/12/1971 09:00,     798.000
26/12/1971 09:00,     798.000
27/12/1971 09:00,     803.000
28/12/1971 09:00,     807.000
29/12/1971 09:00,     548.000
30/12/1971 09:00,     568.000
31/12/1971 09:00,     614.000
01/01/1972 09:00,     641.000
02/01/1972 09:00,     656.000
03/01/1972 09:00,     683.000
04/01/1972 09:00,     688.000
05/01/1972 09:00,     707.000
06/01/1972 09:00,     717.000
07/01/1972 09:00,     717.000
08/01/1972 09:00,     724.000
09/01/1972 09:00,     727.000
10/01/1972 09:00,     727.000
11/01/1972 09:00,    1265.000
12/01/1972 09:00,    2836.000
13/01/1972 09:00,    3291.000
14/01/1972 09:00,    3112.000
15/01/1972 09:00,     685.000
16/01/1972 09:00,     688.000
17/01/1972 09:00,     690.000
18/01/1972 09:00,     702.000
19/01/1972 09:00,    1576.000
20/01/1972 09:00,    1586.000
21/01/1972 09:00,    1593.000
22/01/1972 09:00,    1612.000
23/01/1972 09:00,    1615.000
24/01/1972 09:00,    1612.000
25/01/1972 09:00,     543.000
26/01/1972 09:00,     548.000
27/01/1972 09:00,    2784.000
28/01/1972 09:00,    2743.000
29/01/1972 09:00,    1806.000
30/01/1972 09:00,    1796.000
31/01/1972 09:00,    1816.000
01/02/1972 09:00,    1835.000
02/02/1972 09:00,    1789.000
03/02/1972 09:00,    1062.000
04/02/1972 09:00,    1086.000
05/02/1972 09:00,    1828.000
06/02/1972 09:00,    1818.000
07/02/1972 09:00,    1808.000
08/02/1972 09:00,    1811.000
09/02/1972 09:00,    1813.000
10/02/1972 09:00,    1818.000
11/02/1972 09:00,    1840.000
12/02/1972 09:00,    3254.000
13/02/1972 09:00,    3244.000
14/02/1972 09:00,    3232.000
15/02/1972 09:00,    4551.000
16/02/1972 09:00,    4578.000
17/02/1972 09:00,    4534.000
18/02/1972 09:00,    4509.000
19/02/1972 09:00,    2508.000
20/02/1972 09:00,    2518.000
21/02/1972 09:00,    2542.000
22/02/1972 09:00,    2498.000
23/02/1972 09:00,    2437.000
24/02/1972 09:00,    1057.000
25/02/1972 09:00,    1067.000
26/02/1972 09:00,    1067.000
27/02/1972 09:00,    1050.000
28/02/1972 09:00,    1037.000
29/02/1972 09:00,     991.000
01/03/1972 09:00,     954.000
02/03/1972 09:00,       0.000
21/03/1972 09:00,       0.000
22/03/1972 09:00,     553.000
23/03/1972 09:00,     551.000
24/03/1972 09:00,     553.000
25/03/1972 09:00,     565.000
28/03/1972 09:00,     565.000
29/03/1972 09:00,     577.000
30/03/1972 09:00,     585.000
31/03/1972 09:00,     585.000
01/04/1972 09:00,    1196.000
02/04/1972 09:00,    1167.000
03/04/1972 09:00,    1140.000
04/04/1972 09:00,    1130.000
05/04/1972 09:00,     565.000
06/04/1972 09:00,    1515.000
07/04/1972 09:00,    1534.000
08/04/1972 09:00,    1906.000
09/04/1972 09:00,    1901.000
10/04/1972 09:00,    1869.000
11/04/1972 09:00,    1806.000
12/04/1972 09:00,    1825.000
13/04/1972 09:00,    1842.000
14/04/1972 09:00,    1850.000
15/04/1972 09:00,    1820.000
16/04/1972 09:00,    1811.000
17/04/1972 09:00,    1808.000
18/04/1972 09:00,    1791.000
19/04/1972 09:00,    1771.000
20/04/1972 09:00,    1771.000
21/04/1972 09:00,    1779.000
22/04/1972 09:00,    1762.000
23/04/1972 09:00,    1749.000
24/04/1972 09:00,    1737.000
25/04/1972 09:00,    1708.000
26/04/1972 09:00,    1705.000
27/04/1972 09:00,    1723.000
28/04/1972 09:00,     147.000
29/04/1972 09:00,       0.000
30/04/1972 09:00,       0.000
01/05/1972 09:00,     122.000
02/05/1972 09:00,       0.000
04/05/1972 09:00,       0.000
05/05/1972 09:00,     201.000
06/05/1972 09:00,     193.000
07/05/1972 09:00,     191.000
08/05/1972 09:00,     203.000
09/05/1972 09:00,     210.000
10/05/1972 09:00,     210.000
11/05/1972 09:00,    1033.000
12/05/1972 09:00,    1030.000
13/05/1972 09:00,    1008.000
14/05/1972 09:00,    1008.000
15/05/1972 09:00,     952.000
16/05/1972 09:00,     935.000
17/05/1972 09:00,     937.000
18/05/1972 09:00,    1138.000
19/05/1972 09:00,    1128.000
20/05/1972 09:00,    1121.000
21/05/1972 09:00,    1123.000
22/05/1972 09:00,    1123.000
23/05/1972 09:00,    1143.000
24/05/1972 09:00,    1140.000
25/05/1972 09:00,    1108.000
26/05/1972 09:00,    1091.000
27/05/1972 09:00,    1104.000
28/05/1972 09:00,    1108.000
29/05/1972 09:00,    1111.000
30/05/1972 09:00,    1108.000
31/05/1972 09:00,    1096.000
01/06/1972 09:00,    1277.000
02/06/1972 09:00,    1275.000
05/06/1972 09:00,    1275.000
06/06/1972 09:00,    1260.000
07/06/1972 09:00,    1272.000
08/06/1972 09:00,    1277.000
09/06/1972 09:00,      49.000
17/07/1972 09:00,      49.000
18/07/1972 09:00,    1162.000
19/07/1972 09:00,    1157.000
20/07/1972 09:00,    1157.000
21/07/1972 09:00,    1150.000
22/07/1972 09:00,    1128.000
23/07/1972 09:00,    1128.000
24/07/1972 09:00,    1130.000
25/07/1972 09:00,    1713.000
26/07/1972 09:00,    1732.000
27/07/1972 09:00,    1152.000
28/07/1972 09:00,    1130.000
29/07/1972 09:00,    1133.000
30/07/1972 09:00,    1138.000
31/07/1972 09:00,    1140.000
02/08/1972 09:00,    1140.000
03/08/1972 09:00,    1148.000
04/08/1972 09:00,    1150.000
05/08/1972 09:00,    1148.000
06/08/1972 09:00,    1145.000
07/08/1972 09:00,    1143.000
08/08/1972 09:00,    1150.000
09/08/1972 09:00,    1155.000
10/08/1972 09:00,    1152.000
11/08/1972 09:00,    1130.000
12/08/1972 09:00,    1150.000
13/08/1972 09:00,    1145.000
14/08/1972 09:00,    1143.000
15/08/1972 09:00,    1123.000
16/08/1972 09:00,    1126.000
17/08/1972 09:00,    1123.000
18/08/1972 09:00,    1121.000
20/08/1972 09:00,    1121.000
21/08/1972 09:00,    1116.000
22/08/1972 09:00,    1128.000
23/08/1972 09:00,    1133.000
24/08/1972 09:00,    1135.000
25/08/1972 09:00,    1128.000
26/08/1972 09:00,    1123.000
27/08/1972 09:00,    1128.000
28/08/1972 09:00,    1128.000
29/08/1972 09:00,    1126.000
30/08/1972 09:00,    1143.000
31/08/1972 09:00,    1145.000
01/09/1972 09:00,    1130.000
02/09/1972 09:00,    1130.000
03/09/1972 09:00,    1510.000
04/09/1972 09:00,    1510.000
05/09/1972 09:00,    1529.000
06/09/1972 09:00,    1544.000
07/09/1972 09:00,    1544.000
08/09/1972 09:00,    1529.000
09/09/1972 09:00,    1527.000
10/09/1972 09:00,    1529.000
11/09/1972 09:00,    1537.000
12/09/1972 09:00,    1544.000
13/09/1972 09:00,    2131.000
14/09/1972 09:00,    3381.000
15/09/1972 09:00,    3746.000
16/09/1972 09:00,    3744.000
17/09/1972 09:00,    3734.000
18/09/1972 09:00,    3704.000
19/09/1972 09:00,    3700.000
20/09/1972 09:00,    2131.000
21/09/1972 09:00,    1128.000
22/09/1972 09:00,    1148.000
23/09/1972 09:00,    1148.000
24/09/1972 09:00,    1145.000
25/09/1972 09:00,    1145.000
26/09/1972 09:00,    1148.000
27/09/1972 09:00,    1157.000
28/09/1972 09:00,    1155.000
29/09/1972 09:00,    1921.000
30/09/1972 09:00,    1918.000
01/10/1972 09:00,    1918.000
02/10/1972 09:00,    1916.000
03/10/1972 09:00,    2799.000
04/10/1972 09:00,    2794.000
05/10/1972 09:00,    2799.000
06/10/1972 09:00,    2792.000
07/10/1972 09:00,    2784.000
08/10/1972 09:00,    2775.000
09/10/1972 09:00,    2777.000
10/10/1972 09:00,    3276.000
11/10/1972 09:00,    3288.000
12/10/1972 09:00,    3279.000
13/10/1972 09:00,    3274.000
14/10/1972 09:00,    2564.000
15/10/1972 09:00,    2532.000
16/10/1972 09:00,    2525.000
17/10/1972 09:00,    2542.000
18/10/1972 09:00,    2187.000
19/10/1972 09:00,    1656.000
20/10/1972 09:00,    1652.000
21/10/1972 09:00,    1106.000
22/10/1972 09:00,    1108.000
23/10/1972 09:00,    1111.000
24/10/1972 09:00,    1111.000
25/10/1972 09:00,    1108.000
26/10/1972 09:00,    1108.000
27/10/1972 09:00,    1113.000
28/10/1972 09:00,    2716.000
29/10/1972 09:00,    2709.000
30/10/1972 09:00,    2704.000
31/10/1972 09:00,    3687.000
01/11/1972 09:00,    3678.000
02/11/1972 09:00,    3656.000
03/11/1972 09:00,    3648.000
04/11/1972 09:00,    3636.000
05/11/1972 09:00,    3626.000
06/11/1972 09:00,    3607.000
07/11/1972 09:00,    2973.000
08/11/1972 09:00,    2978.000
09/11/1972 09:00,    2961.000
10/11/1972 09:00,    2953.000
11/11/1972 09:00,    2953.000
12/11/1972 09:00,    2944.000
13/11/1972 09:00,    2926.000
14/11/1972 09:00,    2917.000
15/11/1972 09:00,    2912.000
16/11/1972 09:00,    2581.000
17/11/1972 09:00,    2576.000
18/11/1972 09:00,    2569.000
19/11/1972 09:00,    2559.000
20/11/1972 09:00,    2542.000
21/11/1972 09:00,    1192.000
22/11/1972 09:00,    1196.000
23/11/1972 09:00,    1194.000
24/11/1972 09:00,    1216.000
25/11/1972 09:00,    1219.000
26/11/1972 09:00,    1216.000
27/11/1972 09:00,    1219.000
28/11/1972 09:00,    2209.000
29/11/1972 09:00,    2229.000
30/11/1972 09:00,    3484.000
01/12/1972 09:00,    4392.000
02/12/1972 09:00,    4355.000
03/12/1972 09:00,    4336.000
04/12/1972 09:00,    4306.000
05/12/1972 09:00,    4316.000
06/12/1972 09:00,    4282.000
07/12/1972 09:00,    4265.000
08/12/1972 09:00,    4235.000
09/12/1972 09:00,    3773.000
10/12/1972 09:00,    3758.000
11/12/1972 09:00,    3771.000
12/12/1972 09:00,    3729.000
13/12/1972 09:00,    3731.000
14/12/1972 09:00,    3707.000
15/12/1972 09:00,    3682.000
16/12/1972 09:00,    3663.000
17/12/1972 09:00,    3658.000
18/12/1972 09:00,    3633.000
19/12/1972 09:00,    3607.000
20/12/1972 09:00,    3611.000
21/12/1972 09:00,    3969.000
22/12/1972 09:00,    3969.000
23/12/1972 09:00,    4732.000
24/12/1972 09:00,    4661.000
25/12/1972 09:00,    4637.000
26/12/1972 09:00,    4615.000
27/12/1972 09:00,    4576.000
28/12/1972 09:00,    4549.000
29/12/1972 09:00,    4495.000
30/12/1972 09:00,    3257.000
31/12/1972 09:00,    2532.000
01/01/1973 09:00,    2564.000
02/01/1973 09:00,    2520.000
03/01/1973 09:00,     881.000
04/01/1973 09:00,     893.000
05/01/1973 09:00,    1324.000
06/01/1973 09:00,    1321.000
07/01/1973 09:00,    1321.000
08/01/1973 09:00,    1324.000
09/01/1973 09:00,    1294.000
10/01/1973 09:00,    1319.000
11/01/1973 09:00,    1324.000
12/01/1973 09:00,    2515.000
13/01/1973 09:00,    2503.000
14/01/1973 09:00,    2506.000
15/01/1973 09:00,    2496.000
16/01/1973 09:00,    2457.000
17/01/1973 09:00,     842.000
18/01/1973 09:00,     847.000
19/01/1973 09:00,     866.000
20/01/1973 09:00,    4015.000
21/01/1973 09:00,    4003.000
22/01/1973 09:00,    3903.000
23/01/1973 09:00,    2772.000
24/01/1973 09:00,    1627.000
25/01/1973 09:00,    1703.000
26/01/1973 09:00,    2447.000
27/01/1973 09:00,    2824.000
28/01/1973 09:00,    2819.000
29/01/1973 09:00,    2716.000
30/01/1973 09:00,    2743.000
31/01/1973 09:00,    1598.000
01/02/1973 09:00,    1605.000
02/02/1973 09:00,    1647.000
03/02/1973 09:00,    2400.000
04/02/1973 09:00,    2342.000
05/02/1973 09:00,    2124.000
07/02/1973 09:00,     854.000
08/02/1973 09:00,    3173.000
09/02/1973 09:00,    4213.000
10/02/1973 09:00,    3638.000
11/02/1973 09:00,    1894.000
12/02/1973 09:00,    2021.000
13/02/1973 09:00,       0.000
26/02/1973 09:00,       0.000
27/02/1973 09:00,     323.000
28/02/1973 09:00,     910.000
01/03/1973 09:00,    1365.000
02/03/1973 09:00,    1368.000
03/03/1973 09:00,     908.000
04/03/1973 09:00,     154.000
05/03/1973 09:00,     147.000
06/03/1973 09:00,     142.000
07/03/1973 09:00,     137.000
08/03/1973 09:00,     139.000
11/03/1973 09:00,     139.000
12/03/1973 09:00,     137.000
14/03/1973 09:00,     137.000
15/03/1973 09:00,     139.000
16/03/1973 09:00,     147.000
17/03/1973 09:00,     159.000
18/03/1973 09:00,     164.000
19/03/1973 09:00,     166.000
20/03/1973 09:00,     186.000
21/03/1973 09:00,    2060.000
22/03/1973 09:00,    2559.000
23/03/1973 09:00,    3200.000
24/03/1973 09:00,    3218.000
25/03/1973 09:00,    3205.000
26/03/1973 09:00,    3081.000
27/03/1973 09:00,     176.000
28/03/1973 09:00,     181.000
29/03/1973 09:00,     350.000
30/03/1973 09:00,     352.000
31/03/1973 09:00,     340.000
01/04/1973 09:00,     343.000
02/04/1973 09:00,     357.000
03/04/1973 09:00,     357.000
04/04/1973 09:00,     355.000
05/04/1973 09:00,     352.000
06/04/1973 09:00,     355.000
07/04/1973 09:00,     347.000
09/04/1973 09:00,     347.000
10/04/1973 09:00,     338.000
11/04/1973 09:00,     558.000
12/04/1973 09:00,     565.000
13/04/1973 09:00,     343.000
14/04/1973 09:00,     352.000
15/04/1973 09:00,     352.000
16/04/1973 09:00,     350.000
17/04/1973 09:00,     352.000
18/04/1973 09:00,     352.000
19/04/1973 09:00,     357.000
20/04/1973 09:00,     374.000
21/04/1973 09:00,     377.000
22/04/1973 09:00,     377.000
23/04/1973 09:00,     382.000
24/04/1973 09:00,     391.000
25/04/1973 09:00,     396.000
26/04/1973 09:00,     421.000
27/04/1973 09:00,     785.000
28/04/1973 09:00,     773.000
30/04/1973 09:00,     773.000
01/05/1973 09:00,    1140.000
02/05/1973 09:00,    1321.000
03/05/1973 09:00,    1502.000
04/05/1973 09:00,    2229.000
05/05/1973 09:00,    2222.000
06/05/1973 09:00,    2222.000
07/05/1973 09:00,    2217.000
08/05/1973 09:00,    2175.000
09/05/1973 09:00,    1610.000
10/05/1973 09:00,    1561.000
11/05/1973 09:00,    1392.000
12/05/1973 09:00,    1331.000
13/05/1973 09:00,    1324.000
14/05/1973 09:00,    1297.000
15/05/1973 09:00,    1275.000
16/05/1973 09:00,    1265.000
17/05/1973 09:00,    1258.000
18/05/1973 09:00,    1248.000
19/05/1973 09:00,    1245.000
20/05/1973 09:00,    1243.000
21/05/1973 09:00,    1544.000
22/05/1973 09:00,    1537.000
23/05/1973 09:00,    1527.000
24/05/1973 09:00,    1524.000
25/05/1973 09:00,    1519.000
27/05/1973 09:00,    1519.000
28/05/1973 09:00,    1517.000
29/05/1973 09:00,    1512.000
05/06/1973 09:00,    1512.000
06/06/1973 09:00,    1519.000
07/06/1973 09:00,    1522.000
08/06/1973 09:00,    1532.000
09/06/1973 09:00,    1546.000
10/06/1973 09:00,    1559.000
11/06/1973 09:00,    1576.000
12/06/1973 09:00,    1600.000
13/06/1973 09:00,    2261.000
14/06/1973 09:00,    2293.000
15/06/1973 09:00,    2295.000
16/06/1973 09:00,    2302.000
17/06/1973 09:00,    2300.000
18/06/1973 09:00,    2320.000
19/06/1973 09:00,    1982.000
20/06/1973 09:00,    1987.000
21/06/1973 09:00,    1987.000
22/06/1973 09:00,    1982.000
23/06/1973 09:00,    1302.000
24/06/1973 09:00,    1302.000
25/06/1973 09:00,    1299.000
26/06/1973 09:00,    1292.000
27/06/1973 09:00,    1282.000
28/06/1973 09:00,    1272.000
29/06/1973 09:00,    1265.000
30/06/1973 09:00,    1250.000
02/07/1973 09:00,    1250.000
03/07/1973 09:00,    1553.000
04/07/1973 09:00,    1549.000
05/07/1973 09:00,    1234.000
06/07/1973 09:00,    1234.000
07/07/1973 09:00,    1226.000
08/07/1973 09:00,    1223.000
09/07/1973 09:00,    1221.000
10/07/1973 09:00,    1370.000
11/07/1973 09:00,    1360.000
12/07/1973 09:00,    1353.000
13/07/1973 09:00,    1350.000
14/07/1973 09:00,    1343.000
16/07/1973 09:00,    1343.000
17/07/1973 09:00,    2077.000
18/07/1973 09:00,    2070.000
19/07/1973 09:00,    2067.000
20/07/1973 09:00,    2033.000
21/07/1973 09:00,    2028.000
22/07/1973 09:00,    2021.000
23/07/1973 09:00,    2021.000
24/07/1973 09:00,    2016.000
25/07/1973 09:00,    1996.000
26/07/1973 09:00,    1977.000
27/07/1973 09:00,    1973.000
28/07/1973 09:00,    1973.000
29/07/1973 09:00,    1971.000
30/07/1973 09:00,    1966.000
31/07/1973 09:00,    3540.000
01/08/1973 09:00,    1921.000
02/08/1973 09:00,    1910.000
03/08/1973 09:00,    1906.000
04/08/1973 09:00,    1889.000
05/08/1973 09:00,    1891.000
06/08/1973 09:00,    1859.000
07/08/1973 09:00,    1850.000
08/08/1973 09:00,    1840.000
09/08/1973 09:00,    1840.000
10/08/1973 09:00,    1833.000
11/08/1973 09:00,    1830.000
12/08/1973 09:00,    1830.000
13/08/1973 09:00,    1800.000
14/08/1973 09:00,    1820.000
15/08/1973 09:00,    1815.000
16/08/1973 09:00,    1030.000
17/08/1973 09:00,    1034.000
18/08/1973 09:00,    1032.000
19/08/1973 09:00,    1032.000
20/08/1973 09:00,    1035.000
21/08/1973 09:00,    1028.000
22/08/1973 09:00,    1025.000
23/08/1973 09:00,    1023.000
24/08/1973 09:00,    1020.000
25/08/1973 09:00,    1013.000
26/08/1973 09:00,    1013.000
27/08/1973 09:00,    1010.000
28/08/1973 09:00,    1774.000
29/08/1973 09:00,    1762.000
30/08/1973 09:00,    1754.000
31/08/1973 09:00,    1747.000
01/09/1973 09:00,    1742.000
02/09/1973 09:00,    1727.000
03/09/1973 09:00,    1727.000
04/09/1973 09:00,    2464.000
05/09/1973 09:00,    2456.000
06/09/1973 09:00,    2442.000
07/09/1973 09:00,    2427.000
08/09/1973 09:00,    2432.000
09/09/1973 09:00,    2674.000
10/09/1973 09:00,    2662.000
11/09/1973 09:00,    2640.000
12/09/1973 09:00,    2623.000
13/09/1973 09:00,    2606.000
14/09/1973 09:00,    2589.000
15/09/1973 09:00,    2571.000
16/09/1973 09:00,    2559.000
17/09/1973 09:00,    2540.000
18/09/1973 09:00,    2520.000
19/09/1973 09:00,    2500.000
20/09/1973 09:00,    2498.000
21/09/1973 09:00,    2486.000
22/09/1973 09:00,    2476.000
23/09/1973 09:00,    2451.000
24/09/1973 09:00,    2439.000
25/09/1973 09:00,    2429.000
26/09/1973 09:00,    2403.000
27/09/1973 09:00,    2390.000
28/09/1973 09:00,    2381.000
29/09/1973 09:00,    2368.000
30/09/1973 09:00,    2356.000
01/10/1973 09:00,    2339.000
02/10/1973 09:00,    2329.000
03/10/1973 09:00,    2314.000
04/10/1973 09:00,    2297.000
05/10/1973 09:00,    2283.000
06/10/1973 09:00,    2270.000
07/10/1973 09:00,    2256.000
08/10/1973 09:00,    2251.000
09/10/1973 09:00,    2214.000
10/10/1973 09:00,    2214.000
11/10/1973 09:00,    2197.000
12/10/1973 09:00,    2185.000
13/10/1973 09:00,    2180.000
14/10/1973 09:00,    2158.000
15/10/1973 09:00,    2155.000
16/10/1973 09:00,    2136.000
17/10/1973 09:00,    2109.000
18/10/1973 09:00,    2092.000
19/10/1973 09:00,    2075.000
20/10/1973 09:00,    2055.000
21/10/1973 09:00,    2038.000
22/10/1973 09:00,    2082.000
23/10/1973 09:00,    2048.000
24/10/1973 09:00,    2043.000
25/10/1973 09:00,    2036.000
26/10/1973 09:00,    2014.000
27/10/1973 09:00,    2023.000
28/10/1973 09:00,    2031.000
29/10/1973 09:00,    2031.000
30/10/1973 09:00,    2038.000
31/10/1973 09:00,    2043.000
01/11/1973 09:00,    2040.000
02/11/1973 09:00,    2040.000
03/11/1973 09:00,    2086.000
04/11/1973 09:00,    2040.000
05/11/1973 09:00,    2048.000
06/11/1973 09:00,    2058.000
07/11/1973 09:00,    2077.000
08/11/1973 09:00,    2082.000
09/11/1973 09:00,    2082.000
10/11/1973 09:00,    2089.000
11/11/1973 09:00,    2094.000
12/11/1973 09:00,    2097.000
13/11/1973 09:00,    2104.000
14/11/1973 09:00,    2121.000
15/11/1973 09:00,    1536.000
16/11/1973 09:00,    1541.000
17/11/1973 09:00,    1551.000
18/11/1973 09:00,    1561.000
19/11/1973 09:00,    1571.000
20/11/1973 09:00,    1576.000
21/11/1973 09:00,     790.000
22/11/1973 09:00,     795.000
23/11/1973 09:00,     802.000
24/11/1973 09:00,     803.000
25/11/1973 09:00,     809.000
26/11/1973 09:00,     811.000
27/11/1973 09:00,     815.000
28/11/1973 09:00,     825.000
29/11/1973 09:00,     829.000
30/11/1973 09:00,    1659.000
05/12/1973 09:00,    1659.000
06/12/1973 09:00,    1653.000
07/12/1973 09:00,    1646.000
08/12/1973 09:00,    1635.000
09/12/1973 09:00,    1634.000
10/12/1973 09:00,    1634.000
11/12/1973 09:00,    1640.000
12/12/1973 09:00,    1629.000
13/12/1973 09:00,    1627.000
14/12/1973 09:00,    1627.000
15/12/1973 09:00,    1631.000
16/12/1973 09:00,    1632.000
17/12/1973 09:00,    1631.000
18/12/1973 09:00,    1631.000
19/12/1973 09:00,    1629.000
20/12/1973 09:00,    1629.000
21/12/1973 09:00,    1637.000
22/12/1973 09:00,    1637.000
23/12/1973 09:00,    1644.000
24/12/1973 09:00,    1647.000
25/12/1973 09:00,    1666.000
26/12/1973 09:00,    1671.000
27/12/1973 09:00,    1693.000
28/12/1973 09:00,    1715.000
29/12/1973 09:00,    1752.000
30/12/1973 09:00,    1776.000
31/12/1973 09:00,    1833.000
01/01/1974 09:00,    3611.000
02/01/1974 09:00,    3753.000
03/01/1974 09:00,    3902.000
04/01/1974 09:00,    4032.000
05/01/1974 09:00,    4233.000
06/01/1974 09:00,    1792.000
07/01/1974 09:00,    1818.000
08/01/1974 09:00,    1800.000
09/01/1974 09:00,    1812.000
10/01/1974 09:00,     234.000
11/01/1974 09:00,     241.000
12/01/1974 09:00,     245.000
13/01/1974 09:00,     241.000
14/01/1974 09:00,     238.000
15/01/1974 09:00,     236.000
16/01/1974 09:00,     235.000
17/01/1974 09:00,     234.000
18/01/1974 09:00,     230.000
19/01/1974 09:00,     227.000
20/01/1974 09:00,     226.000
21/01/1974 09:00,     226.000
22/01/1974 09:00,     225.000
23/01/1974 09:00,     222.000
24/01/1974 09:00,     219.000
25/01/1974 09:00,    1583.000
26/01/1974 09:00,    1564.000
27/01/1974 09:00,    1529.000
28/01/1974 09:00,    1498.000
29/01/1974 09:00,    1485.000
30/01/1974 09:00,    1030.000
31/01/1974 09:00,    1030.000
01/02/1974 09:00,    1022.000
02/02/1974 09:00,    1010.000
03/02/1974 09:00,    1001.000
04/02/1974 09:00,     995.000
05/02/1974 09:00,     990.000
06/02/1974 09:00,     981.000
07/02/1974 09:00,     969.000
08/02/1974 09:00,     959.000
09/02/1974 09:00,     956.000
10/02/1974 09:00,     950.000
11/02/1974 09:00,     940.000
12/02/1974 09:00,     937.000
13/02/1974 09:00,     984.000
14/02/1974 09:00,     930.000
15/02/1974 09:00,     925.000
16/02/1974 09:00,     924.000
17/02/1974 09:00,     918.000
18/02/1974 09:00,     911.000
19/02/1974 09:00,     904.000
20/02/1974 09:00,     897.000
21/02/1974 09:00,     892.000
22/02/1974 09:00,     891.000
23/02/1974 09:00,     887.000
24/02/1974 09:00,     887.000
25/02/1974 09:00,     886.000
26/02/1974 09:00,     176.000
27/02/1974 09:00,     182.000
28/02/1974 09:00,     187.000
01/03/1974 09:00,     193.000
02/03/1974 09:00,     200.000
03/03/1974 09:00,     207.000
04/03/1974 09:00,     218.000
05/03/1974 09:00,    1155.000
06/03/1974 09:00,    1190.000
07/03/1974 09:00,     491.000
08/03/1974 09:00,     489.000
10/03/1974 09:00,     489.000
11/03/1974 09:00,     483.000
12/03/1974 09:00,     482.000
13/03/1974 09:00,     479.000
14/03/1974 09:00,     480.000
15/03/1974 09:00,     477.000
16/03/1974 09:00,     478.000
17/03/1974 09:00,     480.000
18/03/1974 09:00,     479.000
19/03/1974 09:00,     482.000
20/03/1974 09:00,     482.000
21/03/1974 09:00,     481.000
22/03/1974 09:00,     484.000
23/03/1974 09:00,     484.000
24/03/1974 09:00,     485.000
25/03/1974 09:00,     485.000
26/03/1974 09:00,     484.000
27/03/1974 09:00,     484.000
28/03/1974 09:00,     485.000
30/03/1974 09:00,     485.000
31/03/1974 09:00,     484.000
01/04/1974 09:00,     481.000
02/04/1974 09:00,     474.000
03/04/1974 09:00,     477.000
04/04/1974 09:00,     474.000
05/04/1974 09:00,     468.000
06/04/1974 09:00,     464.000
07/04/1974 09:00,     460.000
08/04/1974 09:00,     460.000
09/04/1974 09:00,     448.000
10/04/1974 09:00,     447.000
11/04/1974 09:00,     438.000
12/04/1974 09:00,     439.000
13/04/1974 09:00,     438.000
14/04/1974 09:00,     437.000
15/04/1974 09:00,     434.000
16/04/1974 09:00,     431.000
17/04/1974 09:00,     427.000
18/04/1974 09:00,     423.000
19/04/1974 09:00,     418.000
20/04/1974 09:00,     416.000
21/04/1974 09:00,     415.000
22/04/1974 09:00,     414.000
23/04/1974 09:00,     413.000
24/04/1974 09:00,     623.000
25/04/1974 09:00,     621.000
27/04/1974 09:00,     621.000
28/04/1974 09:00,     616.000
29/04/1974 09:00,     615.000
30/04/1974 09:00,     613.000
01/05/1974 09:00,     612.000
02/05/1974 09:00,     611.000
03/05/1974 09:00,     610.000
04/05/1974 09:00,     611.000
08/05/1974 09:00,     611.000
09/05/1974 09:00,     610.000
10/05/1974 09:00,     610.000
11/05/1974 09:00,     608.000
12/05/1974 09:00,     607.000
13/05/1974 09:00,     606.000
14/05/1974 09:00,     606.000
15/05/1974 09:00,     604.000
16/05/1974 09:00,    1223.000
17/05/1974 09:00,    1216.000
18/05/1974 09:00,    1203.000
19/05/1974 09:00,    1191.000
20/05/1974 09:00,    1184.000
21/05/1974 09:00,    1180.000
22/05/1974 09:00,    1173.000
23/05/1974 09:00,    1161.000
24/05/1974 09:00,    1153.000
25/05/1974 09:00,    1142.000
26/05/1974 09:00,    1138.000
27/05/1974 09:00,    1134.000
28/05/1974 09:00,    2765.000
29/05/1974 09:00,    2745.000
30/05/1974 09:00,    4928.000
31/05/1974 09:00,    4860.000
01/06/1974 09:00,    4732.000
02/06/1974 09:00,    4693.000
03/06/1974 09:00,    4595.000
04/06/1974 09:00,    4502.000
05/06/1974 09:00,    4480.000
06/06/1974 09:00,    4448.000
07/06/1974 09:00,    4420.000
08/06/1974 09:00,    4347.000
09/06/1974 09:00,    4256.000
10/06/1974 09:00,    4190.000
11/06/1974 09:00,    4090.000
12/06/1974 09:00,    3976.000
13/06/1974 09:00,    3907.000
14/06/1974 09:00,    3885.000
15/06/1974 09:00,    3768.000
16/06/1974 09:00,    3695.000
17/06/1974 09:00,    3594.000
18/06/1974 09:00,    3493.000
19/06/1974 09:00,    3337.000
20/06/1974 09:00,    3284.000
21/06/1974 09:00,    3229.000
16/07/1974 09:00,     191.000
17/07/1974 09:00,     191.000
18/07/1974 09:00,     190.000
19/07/1974 09:00,     190.000
20/07/1974 09:00,     195.000
21/07/1974 09:00,     196.000
22/07/1974 09:00,     196.000
23/07/1974 09:00,    4937.000
24/07/1974 09:00,    3187.000
25/07/1974 09:00,    3163.000
26/07/1974 09:00,    3132.000
27/07/1974 09:00,    3110.000
28/07/1974 09:00,    3057.000
29/07/1974 09:00,    3073.000
30/07/1974 09:00,    3077.000
31/07/1974 09:00,    3046.000
01/08/1974 09:00,    3046.000
02/08/1974 09:00,    3015.000
03/08/1974 09:00,    2986.000
04/08/1974 09:00,    2986.000
05/08/1974 09:00,    3002.000
06/08/1974 09:00,    2994.000
07/08/1974 09:00,    2971.000
08/08/1974 09:00,    2957.000
09/08/1974 09:00,    2933.000
10/08/1974 09:00,    2901.000
11/08/1974 09:00,    2889.000
12/08/1974 09:00,    2879.000
13/08/1974 09:00,    2862.000
14/08/1974 09:00,    2848.000
15/08/1974 09:00,    2831.000
16/08/1974 09:00,    2815.000
17/08/1974 09:00,    2800.000
18/08/1974 09:00,    2783.000
19/08/1974 09:00,    2756.000
20/08/1974 09:00,    2750.000
21/08/1974 09:00,    2743.000
22/08/1974 09:00,    2733.000
23/08/1974 09:00,    2740.000
24/08/1974 09:00,    2723.000
25/08/1974 09:00,    2687.000
26/08/1974 09:00,    2651.000
27/08/1974 09:00,    2579.000
28/08/1974 09:00,    2545.000
29/08/1974 09:00,    2497.000
30/08/1974 09:00,    2438.000
31/08/1974 09:00,    2398.000
01/09/1974 09:00,    2339.000
02/09/1974 09:00,    2318.000
03/09/1974 09:00,    2276.000
04/09/1974 09:00,    2233.000
05/09/1974 09:00,    2159.000
06/09/1974 09:00,    2078.000
07/09/1974 09:00,    1996.000
08/09/1974 09:00,    1937.000
09/09/1974 09:00,    1912.000
10/09/1974 09:00,    1811.000
11/09/1974 09:00,    1740.000
12/09/1974 09:00,    1647.000
13/09/1974 09:00,    1589.000
14/09/1974 09:00,    1496.000
15/09/1974 09:00,    1433.000
16/09/1974 09:00,    1318.000
17/09/1974 09:00,    1221.000
18/09/1974 09:00,    1142.000
19/09/1974 09:00,    1110.000
20/09/1974 09:00,     965.000
21/09/1974 09:00,     770.000
22/09/1974 09:00,     747.000
23/09/1974 09:00,     682.000
24/09/1974 09:00,     529.000
25/09/1974 09:00,     381.000
26/09/1974 09:00,     182.000
27/09/1974 09:00,      14.000
28/09/1974 09:00,      23.000
29/09/1974 09:00,      22.000
30/09/1974 09:00,      26.000
01/10/1974 09:00,      59.000
02/10/1974 09:00,      72.000
03/10/1974 09:00,      78.000
04/10/1974 09:00,      85.000
05/10/1974 09:00,      86.000
06/10/1974 09:00,      93.000
07/10/1974 09:00,      97.000
08/10/1974 09:00,     101.000
09/10/1974 09:00,     106.000
10/10/1974 09:00,     107.000
11/10/1974 09:00,     111.000
12/10/1974 09:00,     115.000
13/10/1974 09:00,     118.000
14/10/1974 09:00,     121.000
15/10/1974 09:00,     125.000
16/10/1974 09:00,     123.000
17/10/1974 09:00,     124.000
19/10/1974 09:00,     124.000
20/10/1974 09:00,     123.000
21/10/1974 09:00,     121.000
23/10/1974 09:00,     121.000
24/10/1974 09:00,     122.000
25/10/1974 09:00,     125.000
26/10/1974 09:00,     126.000
27/10/1974 09:00,     127.000
28/10/1974 09:00,     127.000
29/10/1974 09:00,     128.000
30/10/1974 09:00,     129.000
31/10/1974 09:00,     130.000
01/11/1974 09:00,     130.000
02/11/1974 09:00,     133.000
03/11/1974 09:00,     135.000
04/11/1974 09:00,     135.000
05/11/1974 09:00,     137.000
06/11/1974 09:00,     138.000
07/11/1974 09:00,     140.000
08/11/1974 09:00,     141.000
09/11/1974 09:00,     144.000
10/11/1974 09:00,     145.000
11/11/1974 09:00,     145.000
12/11/1974 09:00,     148.000
13/11/1974 09:00,     148.000
14/11/1974 09:00,     150.000
15/11/1974 09:00,     152.000
16/11/1974 09:00,     153.000
17/11/1974 09:00,     152.000
18/11/1974 09:00,     148.000
19/11/1974 09:00,     148.000
20/11/1974 09:00,     149.000
21/11/1974 09:00,     152.000
22/11/1974 09:00,     153.000
24/11/1974 09:00,     153.000
25/11/1974 09:00,     155.000
27/11/1974 09:00,     155.000
28/11/1974 09:00,     156.000
29/11/1974 09:00,     154.000
30/11/1974 09:00,     156.000
03/12/1974 09:00,     156.000
04/12/1974 09:00,     158.000
05/12/1974 09:00,     158.000
06/12/1974 09:00,     159.000
07/12/1974 09:00,     160.000
08/12/1974 09:00,     162.000
09/12/1974 09:00,     163.000
10/12/1974 09:00,     165.000
11/12/1974 09:00,     166.000
12/12/1974 09:00,     167.000
13/12/1974 09:00,     168.000
14/12/1974 09:00,     168.000
15/12/1974 09:00,     171.000
16/12/1974 09:00,     172.000
17/12/1974 09:00,     173.000
18/12/1974 09:00,     177.000
19/12/1974 09:00,     177.000
20/12/1974 09:00,     178.000
21/12/1974 09:00,     545.000
22/12/1974 09:00,     548.000
23/12/1974 09:00,     550.000
24/12/1974 09:00,     549.000
25/12/1974 09:00,     551.000
26/12/1974 09:00,     557.000
27/12/1974 09:00,     566.000
28/12/1974 09:00,     559.000
29/12/1974 09:00,     568.000
30/12/1974 09:00,     575.000
31/12/1974 09:00,     581.000
01/01/1975 09:00,     587.000
02/01/1975 09:00,     592.000
03/01/1975 09:00,     600.000
04/01/1975 09:00,     605.000
05/01/1975 09:00,     610.000
06/01/1975 09:00,     623.000
07/01/1975 09:00,     631.000
08/01/1975 09:00,     638.000
09/01/1975 09:00,     654.000
10/01/1975 09:00,     671.000
11/01/1975 09:00,     694.000
12/01/1975 09:00,     723.000
13/01/1975 09:00,     762.000
14/01/1975 09:00,    4784.000
15/01/1975 09:00,    4085.000
16/01/1975 09:00,    4286.000
17/01/1975 09:00,    4390.000
18/01/1975 09:00,    4684.000
19/01/1975 09:00,    1003.000
20/01/1975 09:00,     993.000
21/01/1975 09:00,     668.000
22/01/1975 09:00,     678.000
23/01/1975 09:00,     704.000
24/01/1975 09:00,     709.000
25/01/1975 09:00,     727.000
26/01/1975 09:00,     746.000
27/01/1975 09:00,     736.000
28/01/1975 09:00,     729.000
29/01/1975 09:00,     728.000
31/01/1975 09:00,     728.000
01/02/1975 09:00,     723.000
02/02/1975 09:00,     728.000
03/02/1975 09:00,     726.000
04/02/1975 09:00,     705.000
05/02/1975 09:00,     713.000
06/02/1975 09:00,     753.000
07/02/1975 09:00,     761.000
08/02/1975 09:00,     755.000
09/02/1975 09:00,     741.000
10/02/1975 09:00,     745.000
11/02/1975 09:00,     746.000
12/02/1975 09:00,     747.000
13/02/1975 09:00,     749.000
14/02/1975 09:00,     751.000
15/02/1975 09:00,     734.000
16/02/1975 09:00,     735.000
17/02/1975 09:00,     733.000
18/02/1975 09:00,     742.000
19/02/1975 09:00,     744.000
20/02/1975 09:00,     745.000
21/02/1975 09:00,     746.000
22/02/1975 09:00,    4826.000
23/02/1975 09:00,    4796.000
24/02/1975 09:00,    4841.000
25/02/1975 09:00,    4825.000
26/02/1975 09:00,    4793.000
27/02/1975 09:00,    4762.000
28/02/1975 09:00,    4876.000
01/03/1975 09:00,    4844.000
02/03/1975 09:00,    4876.000
03/03/1975 09:00,    4846.000
04/03/1975 09:00,    4613.000
05/03/1975 09:00,    4566.000
06/03/1975 09:00,    4598.000
07/03/1975 09:00,    4510.000
08/03/1975 09:00,    4554.000
09/03/1975 09:00,    4630.000
10/03/1975 09:00,    4598.000
11/03/1975 09:00,    4556.000
12/03/1975 09:00,    1021.000
13/03/1975 09:00,    1085.000
14/03/1975 09:00,    1086.000
15/03/1975 09:00,    1112.000
16/03/1975 09:00,    1116.000
17/03/1975 09:00,    1116.000
18/03/1975 09:00,    1114.000
19/03/1975 09:00,    1104.000
20/03/1975 09:00,    1115.000
21/03/1975 09:00,    1126.000
22/03/1975 09:00,    2092.000
23/03/1975 09:00,    2085.000
24/03/1975 09:00,    2078.000
25/03/1975 09:00,    2094.000
26/03/1975 09:00,    2102.000
27/03/1975 09:00,    2128.000
28/03/1975 09:00,    2129.000
29/03/1975 09:00,    2132.000
30/03/1975 09:00,    2119.000
31/03/1975 09:00,    2072.000
01/04/1975 09:00,    2048.000
02/04/1975 09:00,    1086.000
03/04/1975 09:00,    1094.000
04/04/1975 09:00,    1062.000
05/04/1975 09:00,    1043.000
06/04/1975 09:00,    1045.000
07/04/1975 09:00,    1024.000
08/04/1975 09:00,    4900.000
09/04/1975 09:00,    4799.000
10/04/1975 09:00,    4724.000
11/04/1975 09:00,    4637.000
12/04/1975 09:00,    4610.000
13/04/1975 09:00,    4592.000
14/04/1975 09:00,    4526.000
15/04/1975 09:00,    4479.000
16/04/1975 09:00,    1680.000
17/04/1975 09:00,    1690.000
18/04/1975 09:00,    1695.000
19/04/1975 09:00,    1676.000
20/04/1975 09:00,    1676.000
21/04/1975 09:00,    1677.000
22/04/1975 09:00,    1644.000
23/04/1975 09:00,    1720.000
24/04/1975 09:00,    1763.000
25/04/1975 09:00,    1758.000
26/04/1975 09:00,    1767.000
27/04/1975 09:00,    1769.000
28/04/1975 09:00,    1764.000
29/04/1975 09:00,    1712.000
30/04/1975 09:00,    1719.000
01/05/1975 09:00,    1731.000
02/05/1975 09:00,    1737.000
03/05/1975 09:00,    1721.000
04/05/1975 09:00,    1725.000
05/05/1975 09:00,    1731.000
06/05/1975 09:00,    1729.000
07/05/1975 09:00,    1722.000
08/05/1975 09:00,    1728.000
09/05/1975 09:00,    1723.000
10/05/1975 09:00,    1709.000
11/05/1975 09:00,    1705.000
12/05/1975 09:00,    1700.000
13/05/1975 09:00,    1714.000
14/05/1975 09:00,    1720.000
15/05/1975 09:00,    1720.000
16/05/1975 09:00,    1719.000
17/05/1975 09:00,    1712.000
18/05/1975 09:00,    1714.000
19/05/1975 09:00,    1714.000
20/05/1975 09:00,    1712.000
21/05/1975 09:00,    1718.000
22/05/1975 09:00,    1686.000
23/05/1975 09:00,    1682.000
24/05/1975 09:00,    1664.000
25/05/1975 09:00,    1664.000
26/05/1975 09:00,    1651.000
27/05/1975 09:00,    1650.000
28/05/1975 09:00,    1643.000
29/05/1975 09:00,    1650.000
30/05/1975 09:00,    1643.000
31/05/1975 09:00,    1643.000
01/06/1975 09:00,    1650.000
02/06/1975 09:00,    1666.000
03/06/1975 09:00,    1697.000
04/06/1975 09:00,    1680.000
05/06/1975 09:00,    1524.000
06/06/1975 09:00,    1524.000
07/06/1975 09:00,    1537.000
08/06/1975 09:00,    1552.000
09/06/1975 09:00,    1554.000
10/06/1975 09:00,    1560.000
11/06/1975 09:00,    1566.000
12/06/1975 09:00,    1578.000
13/06/1975 09:00,    1583.000
14/06/1975 09:00,    1589.000
15/06/1975 09:00,    1588.000
16/06/1975 09:00,    1583.000
17/06/1975 09:00,    1585.000
18/06/1975 09:00,    1591.000
19/06/1975 09:00,    1274.000
21/06/1975 09:00,    1274.000
22/06/1975 09:00,    1282.000
23/06/1975 09:00,    1291.000
24/06/1975 09:00,    1284.000
25/06/1975 09:00,    1262.000
26/06/1975 09:00,    1267.000
27/06/1975 09:00,    1278.000
28/06/1975 09:00,    1285.000
29/06/1975 09:00,    1292.000
30/06/1975 09:00,    1293.000
01/07/1975 09:00,    1301.000
02/07/1975 09:00,    1308.000
03/07/1975 09:00,    1312.000
04/07/1975 09:00,    1325.000
05/07/1975 09:00,    1335.000
06/07/1975 09:00,    1339.000
07/07/1975 09:00,    1344.000
08/07/1975 09:00,    1371.000
09/07/1975 09:00,    1372.000
10/07/1975 09:00,    1381.000
11/07/1975 09:00,    1395.000
12/07/1975 09:00,    1776.000
13/07/1975 09:00,    1762.000
14/07/1975 09:00,    1750.000
15/07/1975 09:00,    1731.000
16/07/1975 09:00,    1736.000
17/07/1975 09:00,    1736.000
18/07/1975 09:00,    1742.000
19/07/1975 09:00,    1742.000
20/07/1975 09:00,    1735.000
21/07/1975 09:00,    1735.000
22/07/1975 09:00,    1722.000
23/07/1975 09:00,    1722.000
24/07/1975 09:00,    1715.000
25/07/1975 09:00,    1715.000
26/07/1975 09:00,    1696.000
27/07/1975 09:00,    1687.000
28/07/1975 09:00,    1654.000
29/07/1975 09:00,    1618.000
30/07/1975 09:00,    1612.000
31/07/1975 09:00,    1593.000
01/08/1975 09:00,    1263.000
02/08/1975 09:00,    1254.000
03/08/1975 09:00,    1250.000
04/08/1975 09:00,    1248.000
05/08/1975 09:00,    1248.000
06/08/1975 09:00,    1247.000
07/08/1975 09:00,    1243.000
08/08/1975 09:00,    1238.000
09/08/1975 09:00,    1219.000
10/08/1975 09:00,    1213.000
11/08/1975 09:00,    1208.000
12/08/1975 09:00,    1195.000
13/08/1975 09:00,    1186.000
14/08/1975 09:00,    1176.000
15/08/1975 09:00,    1467.000
16/08/1975 09:00,    1445.000
17/08/1975 09:00,    1439.000
18/08/1975 09:00,    1433.000
19/08/1975 09:00,    1426.000
20/08/1975 09:00,    1414.000
21/08/1975 09:00,    1408.000
22/08/1975 09:00,    1398.000
23/08/1975 09:00,    1389.000
24/08/1975 09:00,    1376.000
25/08/1975 09:00,    1364.000
26/08/1975 09:00,    1347.000
27/08/1975 09:00,    1341.000
28/08/1975 09:00,    1335.000
29/08/1975 09:00,    1325.000
31/08/1975 09:00,    1325.000
01/09/1975 09:00,    1321.000
02/09/1975 09:00,    1318.000
03/09/1975 09:00,    1313.000
04/09/1975 09:00,    1436.000
05/09/1975 09:00,    1431.000
06/09/1975 09:00,    1427.000
07/09/1975 09:00,    1425.000
08/09/1975 09:00,    1422.000
09/09/1975 09:00,    4336.000
10/09/1975 09:00,    4292.000
11/09/1975 09:00,    4253.000
12/09/1975 09:00,    4212.000
13/09/1975 09:00,    4205.000
14/09/1975 09:00,    4207.000
15/09/1975 09:00,    4207.000
16/09/1975 09:00,    4168.000
17/09/1975 09:00,    3080.000
18/09/1975 09:00,    3080.000
19/09/1975 09:00,    3079.000
20/09/1975 09:00,    3079.000
21/09/1975 09:00,    3064.000
22/09/1975 09:00,    3060.000
23/09/1975 09:00,    4165.000
24/09/1975 09:00,    4151.000
25/09/1975 09:00,    4138.000
26/09/1975 09:00,    4129.000
27/09/1975 09:00,    4123.000
28/09/1975 09:00,    4125.000
29/09/1975 09:00,    4123.000
30/09/1975 09:00,    4122.000
01/10/1975 09:00,    4139.000
02/10/1975 09:00,    4970.000
03/10/1975 09:00,    4939.000
04/10/1975 09:00,    5542.000
05/10/1975 09:00,    5499.000
06/10/1975 09:00,    5456.000
07/10/1975 09:00,    5440.000
08/10/1975 09:00,    5427.000
09/10/1975 09:00,    5404.000
10/10/1975 09:00,    5344.000
11/10/1975 09:00,    5328.000
12/10/1975 09:00,    5271.000
13/10/1975 09:00,    5233.000
14/10/1975 09:00,    5196.000
15/10/1975 09:00,    5122.000
16/10/1975 09:00,    5077.000
17/10/1975 09:00,    5036.000
18/10/1975 09:00,    5001.000
19/10/1975 09:00,    4970.000
20/10/1975 09:00,    4929.000
21/10/1975 09:00,    4891.000
22/10/1975 09:00,    4873.000
23/10/1975 09:00,    4787.000
24/10/1975 09:00,    4787.000
25/10/1975 09:00,    4688.000
26/10/1975 09:00,    4709.000
27/10/1975 09:00,    4667.000
28/10/1975 09:00,    4627.000
29/10/1975 09:00,    4584.000
30/10/1975 09:00,    4561.000
31/10/1975 09:00,    4532.000
01/11/1975 09:00,    4456.000
02/11/1975 09:00,    4413.000
03/11/1975 09:00,    4370.000
04/11/1975 09:00,      98.000
05/11/1975 09:00,      98.000
06/11/1975 09:00,      97.000
07/11/1975 09:00,      96.000
08/11/1975 09:00,      95.000
09/11/1975 09:00,      95.000
10/11/1975 09:00,      94.000
11/11/1975 09:00,     101.000
12/11/1975 09:00,    3361.000
13/11/1975 09:00,    3281.000
14/11/1975 09:00,    3246.000
15/11/1975 09:00,    3246.000
16/11/1975 09:00,    3211.000
17/11/1975 09:00,    3176.000
18/11/1975 09:00,    3164.000
19/11/1975 09:00,    3140.000
20/11/1975 09:00,    3116.000
21/11/1975 09:00,    3043.000
22/11/1975 09:00,    3005.000
23/11/1975 09:00,    2968.000
24/11/1975 09:00,    2930.000
25/11/1975 09:00,    2797.000
26/11/1975 09:00,    2848.000
27/11/1975 09:00,    2826.000
28/11/1975 09:00,    2799.000
13/12/1975 09:00,    2624.000
14/12/1975 09:00,    2660.000
15/12/1975 09:00,    2660.000
16/12/1975 09:00,    4145.000
17/12/1975 09:00,    4117.000
18/12/1975 09:00,    4119.000
19/12/1975 09:00,    4091.000
20/12/1975 09:00,    4093.000
21/12/1975 09:00,    4095.000
22/12/1975 09:00,    4096.000
23/12/1975 09:00,    2948.000
24/12/1975 09:00,    2918.000
25/12/1975 09:00,    2969.000
26/12/1975 09:00,    3010.000
27/12/1975 09:00,    3040.000
28/12/1975 09:00,    3070.000
29/12/1975 09:00,    3100.000
30/12/1975 09:00,    3120.000
31/12/1975 09:00,    3160.000
01/01/1976 09:00,    3208.000
02/01/1976 09:00,    3228.000
03/01/1976 09:00,    3266.000
04/01/1976 09:00,    3304.000
05/01/1976 09:00,    3324.000
06/01/1976 09:00,    3362.000
07/01/1976 09:00,    3408.000
08/01/1976 09:00,    3454.000
09/01/1976 09:00,    2171.000
10/01/1976 09:00,    2204.000
11/01/1976 09:00,    2251.000
12/01/1976 09:00,    2294.000
13/01/1976 09:00,    2330.000
14/01/1976 09:00,    2371.000
15/01/1976 09:00,    2416.000
16/01/1976 09:00,    2500.000
17/01/1976 09:00,    2593.000
18/01/1976 09:00,    1531.000
19/01/1976 09:00,    1613.000
20/01/1976 09:00,    1668.000
21/01/1976 09:00,    1728.000
22/01/1976 09:00,    1777.000
23/01/1976 09:00,    1820.000
24/01/1976 09:00,    1831.000
25/01/1976 09:00,    1827.000
26/01/1976 09:00,    1825.000
27/01/1976 09:00,    1827.000
28/01/1976 09:00,    1838.000
29/01/1976 09:00,    1849.000
30/01/1976 09:00,    1885.000
31/01/1976 09:00,    1913.000
01/02/1976 09:00,    1926.000
02/02/1976 09:00,    1926.000
03/02/1976 09:00,    1892.000
04/02/1976 09:00,    1892.000
05/02/1976 09:00,    1894.000
06/02/1976 09:00,    1894.000
07/02/1976 09:00,    1873.000
08/02/1976 09:00,    1869.000
09/02/1976 09:00,    1869.000
10/02/1976 09:00,    1864.000
11/02/1976 09:00,    1866.000
12/02/1976 09:00,    1860.000
13/02/1976 09:00,    1859.000
14/02/1976 09:00,    1861.000
15/02/1976 09:00,    1864.000
16/02/1976 09:00,    1859.000
18/02/1976 09:00,    1859.000
19/02/1976 09:00,    1861.000
20/02/1976 09:00,    1864.000
21/02/1976 09:00,    1877.000
22/02/1976 09:00,    1879.000
23/02/1976 09:00,    1881.000
24/02/1976 09:00,    1871.000
25/02/1976 09:00,    1870.000
26/02/1976 09:00,    1866.000
27/02/1976 09:00,    1850.000
28/02/1976 09:00,    1834.000
29/02/1976 09:00,    1832.000
01/03/1976 09:00,    1841.000
02/03/1976 09:00,    1854.000
03/03/1976 09:00,    1868.000
04/03/1976 09:00,    1868.000
05/03/1976 09:00,    1870.000
06/03/1976 09:00,    1872.000
07/03/1976 09:00,    1859.000
08/03/1976 09:00,    1850.000
09/03/1976 09:00,    1841.000
10/03/1976 09:00,    4270.000
11/03/1976 09:00,    4229.000
12/03/1976 09:00,    4230.000
13/03/1976 09:00,    4226.000
14/03/1976 09:00,    4219.000
15/03/1976 09:00,    4204.000
16/03/1976 09:00,    4194.000
17/03/1976 09:00,    4170.000
18/03/1976 09:00,    4158.000
19/03/1976 09:00,    4148.000
20/03/1976 09:00,    4127.000
21/03/1976 09:00,    4125.000
22/03/1976 09:00,    4110.000
23/03/1976 09:00,    4086.000
24/03/1976 09:00,    4085.000
25/03/1976 09:00,    4120.000
26/03/1976 09:00,    4132.000
27/03/1976 09:00,    4106.000
28/03/1976 09:00,    4098.000
29/03/1976 09:00,    4097.000
30/03/1976 09:00,    4103.000
31/03/1976 09:00,    4087.000
01/04/1976 09:00,    4094.000
02/04/1976 09:00,    4093.000
03/04/1976 09:00,    4082.000
04/04/1976 09:00,    4427.000
05/04/1976 09:00,    3958.000
06/04/1976 09:00,    3919.000
07/04/1976 09:00,    3899.000
08/04/1976 09:00,    3895.000
09/04/1976 09:00,    3895.000
10/04/1976 09:00,    3892.000
11/04/1976 09:00,    3896.000
12/04/1976 09:00,    3867.000
13/04/1976 09:00,    3806.000
14/04/1976 09:00,    3736.000
15/04/1976 09:00,    3686.000
16/04/1976 09:00,    3644.000
17/04/1976 09:00,    3642.000
18/04/1976 09:00,    3625.000
19/04/1976 09:00,    3602.000
20/04/1976 09:00,    3575.000
21/04/1976 09:00,    3549.000
22/04/1976 09:00,    3516.000
23/04/1976 09:00,    3490.000
24/04/1976 09:00,    3478.000
25/04/1976 09:00,    3444.000
26/04/1976 09:00,    3377.000
27/04/1976 09:00,    3352.000
28/04/1976 09:00,    3295.000
29/04/1976 09:00,    3262.000
30/04/1976 09:00,    3256.000
01/05/1976 09:00,    3266.000
02/05/1976 09:00,    3237.000
03/05/1976 09:00,    3231.000
04/05/1976 09:00,    3143.000
05/05/1976 09:00,    2989.000
06/05/1976 09:00,    2943.000
07/05/1976 09:00,    2930.000
08/05/1976 09:00,    2804.000
09/05/1976 09:00,    2781.000
10/05/1976 09:00,    2765.000
11/05/1976 09:00,    2643.000
12/05/1976 09:00,    2586.000
13/05/1976 09:00,    2465.000
14/05/1976 09:00,    2378.000
15/05/1976 09:00,    2278.000
16/05/1976 09:00,    2166.000
17/05/1976 09:00,    2194.000
18/05/1976 09:00,    2078.000
19/05/1976 09:00,    2028.000
20/05/1976 09:00,     446.000
21/05/1976 09:00,     454.000
22/05/1976 09:00,     464.000
23/05/1976 09:00,     468.000
24/05/1976 09:00,     470.000
25/05/1976 09:00,     482.000
26/05/1976 09:00,     491.000
27/05/1976 09:00,     501.000
28/05/1976 09:00,     508.000
29/05/1976 09:00,     515.000
30/05/1976 09:00,     520.000
31/05/1976 09:00,     529.000
01/06/1976 09:00,     537.000
02/06/1976 09:00,     542.000
03/06/1976 09:00,     549.000
04/06/1976 09:00,     559.000
05/06/1976 09:00,     566.000
06/06/1976 09:00,     574.000
07/06/1976 09:00,     578.000
08/06/1976 09:00,     585.000
09/06/1976 09:00,     589.000
10/06/1976 09:00,     594.000
11/06/1976 09:00,     598.000
12/06/1976 09:00,     598.000
13/06/1976 09:00,     605.000
14/06/1976 09:00,     606.000
15/06/1976 09:00,     608.000
16/06/1976 09:00,     617.000
17/06/1976 09:00,     618.000
18/06/1976 09:00,     621.000
19/06/1976 09:00,     622.000
20/06/1976 09:00,     621.000
21/06/1976 09:00,     616.000
22/06/1976 09:00,     619.000
23/06/1976 09:00,     618.000
24/06/1976 09:00,     613.000
25/06/1976 09:00,     615.000
26/06/1976 09:00,     613.000
27/06/1976 09:00,     615.000
28/06/1976 09:00,     621.000
29/06/1976 09:00,     624.000
30/06/1976 09:00,     628.000
01/07/1976 09:00,     635.000
02/07/1976 09:00,     635.000
03/07/1976 09:00,     647.000
04/07/1976 09:00,     648.000
05/07/1976 09:00,     654.000
06/07/1976 09:00,     659.000
07/07/1976 09:00,     676.000
08/07/1976 09:00,     676.000
09/07/1976 09:00,     687.000
10/07/1976 09:00,     705.000
11/07/1976 09:00,     712.000
12/07/1976 09:00,     720.000
13/07/1976 09:00,     724.000
14/07/1976 09:00,     734.000
15/07/1976 09:00,     741.000
16/07/1976 09:00,     750.000
17/07/1976 09:00,     760.000
18/07/1976 09:00,     767.000
19/07/1976 09:00,     779.000
20/07/1976 09:00,     790.000
21/07/1976 09:00,     800.000
22/07/1976 09:00,     808.000
23/07/1976 09:00,     814.000
24/07/1976 09:00,     822.000
25/07/1976 09:00,     832.000
26/07/1976 09:00,     836.000
27/07/1976 09:00,     846.000
28/07/1976 09:00,     853.000
29/07/1976 09:00,     864.000
30/07/1976 09:00,     896.000
31/07/1976 09:00,     886.000
01/08/1976 09:00,     877.000
02/08/1976 09:00,     873.000
03/08/1976 09:00,     868.000
04/08/1976 09:00,     889.000
05/08/1976 09:00,     898.000
06/08/1976 09:00,     895.000
07/08/1976 09:00,     894.000
08/08/1976 09:00,     894.000
09/08/1976 09:00,     893.000
10/08/1976 09:00,     898.000
11/08/1976 09:00,     908.000
12/08/1976 09:00,     915.000
13/08/1976 09:00,     915.000
14/08/1976 09:00,     927.000
15/08/1976 09:00,     933.000
16/08/1976 09:00,     936.000
17/08/1976 09:00,     944.000
18/08/1976 09:00,     951.000
19/08/1976 09:00,     954.000
20/08/1976 09:00,     969.000
21/08/1976 09:00,     961.000
23/08/1976 09:00,     961.000
24/08/1976 09:00,     945.000
25/08/1976 09:00,     947.000
26/08/1976 09:00,     956.000
27/08/1976 09:00,     971.000
28/08/1976 09:00,     981.000
29/08/1976 09:00,     985.000
30/08/1976 09:00,     984.000
31/08/1976 09:00,    1484.000
01/09/1976 09:00,    1478.000
02/09/1976 09:00,    1483.000
03/09/1976 09:00,    1485.000
04/09/1976 09:00,    1483.000
05/09/1976 09:00,    1485.000
06/09/1976 09:00,    1486.000
07/09/1976 09:00,    1478.000
08/09/1976 09:00,    1473.000
09/09/1976 09:00,    1480.000
10/09/1976 09:00,    1483.000
11/09/1976 09:00,    1485.000
12/09/1976 09:00,    1486.000
13/09/1976 09:00,    1486.000
14/09/1976 09:00,    1488.000
15/09/1976 09:00,    1488.000
16/09/1976 09:00,    1498.000
17/09/1976 09:00,    1495.000
18/09/1976 09:00,    1482.000
19/09/1976 09:00,    1481.000
20/09/1976 09:00,    1480.000
21/09/1976 09:00,    1483.000
22/09/1976 09:00,    1478.000
23/09/1976 09:00,    1470.000
24/09/1976 09:00,    1473.000
25/09/1976 09:00,    1480.000
26/09/1976 09:00,    1483.000
27/09/1976 09:00,    1485.000
28/09/1976 09:00,    1498.000
29/09/1976 09:00,    1500.000
30/09/1976 09:00,    1505.000
01/10/1976 09:00,    1510.000
02/10/1976 09:00,    1532.000
03/10/1976 09:00,    1516.000
04/10/1976 09:00,    1496.000
05/10/1976 09:00,    1485.000
06/10/1976 09:00,    1493.000
07/10/1976 09:00,    1496.000
08/10/1976 09:00,    1496.000
09/10/1976 09:00,    1501.000
10/10/1976 09:00,    1504.000
11/10/1976 09:00,    1512.000
12/10/1976 09:00,    1511.000
13/10/1976 09:00,    1499.000
14/10/1976 09:00,    1489.000
15/10/1976 09:00,    1743.000
16/10/1976 09:00,    1741.000
17/10/1976 09:00,    1741.000
18/10/1976 09:00,    1733.000
19/10/1976 09:00,    1723.000
20/10/1976 09:00,    1970.000
21/10/1976 09:00,    1979.000
22/10/1976 09:00,    1993.000
23/10/1976 09:00,    1986.000
24/10/1976 09:00,    1959.000
25/10/1976 09:00,    1919.000
26/10/1976 09:00,    1420.000
27/10/1976 09:00,    1397.000
28/10/1976 09:00,     700.000
29/10/1976 09:00,     699.000
30/10/1976 09:00,     698.000
31/10/1976 09:00,    1396.000
01/11/1976 09:00,    1395.000
02/11/1976 09:00,    1388.000
03/11/1976 09:00,    1388.000
04/11/1976 09:00,    1380.000
05/11/1976 09:00,    1380.000
06/11/1976 09:00,    1375.000
07/11/1976 09:00,    1372.000
08/11/1976 09:00,    1371.000
09/11/1976 09:00,    1372.000
10/11/1976 09:00,    1371.000
11/11/1976 09:00,    1368.000
12/11/1976 09:00,    1360.000
13/11/1976 09:00,    1355.000
14/11/1976 09:00,    1352.000
15/11/1976 09:00,    1350.000
16/11/1976 09:00,    1349.000
17/11/1976 09:00,    1350.000
18/11/1976 09:00,    1350.000
19/11/1976 09:00,    1357.000
20/11/1976 09:00,    1360.000
21/11/1976 09:00,    1359.000
22/11/1976 09:00,    1372.000
23/11/1976 09:00,    1373.000
24/11/1976 09:00,    1381.000
25/11/1976 09:00,    1384.000
26/11/1976 09:00,    1388.000
27/11/1976 09:00,    1402.000
28/11/1976 09:00,    1413.000
29/11/1976 09:00,    1418.000
30/11/1976 09:00,    1418.000
01/12/1976 09:00,    1416.000
02/12/1976 09:00,    1416.000
03/12/1976 09:00,    1417.000
04/12/1976 09:00,    1426.000
05/12/1976 09:00,    1429.000
06/12/1976 09:00,    1430.000
07/12/1976 09:00,    1419.000
08/12/1976 09:00,    1417.000
09/12/1976 09:00,    1419.000
10/12/1976 09:00,    1423.000
11/12/1976 09:00,    1439.000
12/12/1976 09:00,    1449.000
13/12/1976 09:00,    1454.000
14/12/1976 09:00,    2484.000
15/12/1976 09:00,    2504.000
16/12/1976 09:00,    2524.000
17/12/1976 09:00,    2524.000
18/12/1976 09:00,    2551.000
19/12/1976 09:00,    2564.000
20/12/1976 09:00,    2568.000
21/12/1976 09:00,    2615.000
22/12/1976 09:00,    2664.000
23/12/1976 09:00,    2666.000
24/12/1976 09:00,    2663.000
25/12/1976 09:00,    2640.000
26/12/1976 09:00,    2617.000
27/12/1976 09:00,    2621.000
28/12/1976 09:00,    2617.000
29/12/1976 09:00,    2617.000
30/12/1976 09:00,    2602.000
31/12/1976 09:00,    2610.000
01/01/1977 09:00,    2617.000
02/01/1977 09:00,    2622.000
03/01/1977 09:00,    2630.000
04/01/1977 09:00,    2616.000
05/01/1977 09:00,    2612.000
06/01/1977 09:00,    2616.000
07/01/1977 09:00,    2630.000
08/01/1977 09:00,    2657.000
09/01/1977 09:00,    2665.000
10/01/1977 09:00,    2677.000
11/01/1977 09:00,    2764.000
12/01/1977 09:00,    2831.000
13/01/1977 09:00,    2805.000
14/01/1977 09:00,    2810.000
15/01/1977 09:00,    1434.000
16/01/1977 09:00,    1444.000
17/01/1977 09:00,    1447.000
18/01/1977 09:00,    2373.000
19/01/1977 09:00,    2898.000
20/01/1977 09:00,    3012.000
21/01/1977 09:00,    4193.000
22/01/1977 09:00,    4182.000
23/01/1977 09:00,    4157.000
24/01/1977 09:00,    4160.000
25/01/1977 09:00,    4143.000
26/01/1977 09:00,    4125.000
27/01/1977 09:00,    4118.000
28/01/1977 09:00,    4131.000
29/01/1977 09:00,    4131.000
30/01/1977 09:00,    4137.000
31/01/1977 09:00,    4136.000
01/02/1977 09:00,    2311.000
02/02/1977 09:00,    4103.000
03/02/1977 09:00,    4138.000
04/02/1977 09:00,    4751.000
05/02/1977 09:00,    5326.000
06/02/1977 09:00,    5300.000
07/02/1977 09:00,    5270.000
08/02/1977 09:00,    5258.000
09/02/1977 09:00,    5277.000
10/02/1977 09:00,    5231.000
11/02/1977 09:00,    5231.000
12/02/1977 09:00,    5779.000
13/02/1977 09:00,    5759.000
14/02/1977 09:00,    5718.000
15/02/1977 09:00,    5720.000
16/02/1977 09:00,    5718.000
17/02/1977 09:00,    5677.000
18/02/1977 09:00,    5650.000
19/02/1977 09:00,    6349.000
20/02/1977 09:00,    6301.000
21/02/1977 09:00,    6285.000
22/02/1977 09:00,    6248.000
23/02/1977 09:00,    5983.000
24/02/1977 09:00,    3596.000
25/02/1977 09:00,    5956.000
26/02/1977 09:00,    5923.000
27/02/1977 09:00,    3783.000
28/02/1977 09:00,    5919.000
01/03/1977 09:00,    5845.000
02/03/1977 09:00,    5833.000
03/03/1977 09:00,    5785.000
04/03/1977 09:00,    4542.000
05/03/1977 09:00,    3933.000
06/03/1977 09:00,    3873.000
07/03/1977 09:00,    3903.000
08/03/1977 09:00,    3005.000
09/03/1977 09:00,    4063.000
10/03/1977 09:00,    3898.000
11/03/1977 09:00,    2886.000
12/03/1977 09:00,    3032.000
13/03/1977 09:00,    3037.000
14/03/1977 09:00,    3046.000
15/03/1977 09:00,    1972.000
16/03/1977 09:00,    1967.000
17/03/1977 09:00,    2002.000
18/03/1977 09:00,    1954.000
19/03/1977 09:00,    2004.000
20/03/1977 09:00,    2006.000
21/03/1977 09:00,    1842.000
22/03/1977 09:00,     893.000
23/03/1977 09:00,     914.000
24/03/1977 09:00,     920.000
25/03/1977 09:00,     473.000
26/03/1977 09:00,     461.000
28/03/1977 09:00,     461.000
29/03/1977 09:00,     484.000
30/03/1977 09:00,     483.000
31/03/1977 09:00,     478.000
01/04/1977 09:00,     469.000
02/04/1977 09:00,     478.000
03/04/1977 09:00,     478.000
04/04/1977 09:00,     479.000
05/04/1977 09:00,     474.000
06/04/1977 09:00,     465.000
07/04/1977 09:00,     466.000
08/04/1977 09:00,     469.000
09/04/1977 09:00,     471.000
10/04/1977 09:00,     474.000
11/04/1977 09:00,     476.000
12/04/1977 09:00,     477.000
13/04/1977 09:00,     481.000
14/04/1977 09:00,     481.000
15/04/1977 09:00,     483.000
16/04/1977 09:00,     484.000
17/04/1977 09:00,     486.000
18/04/1977 09:00,     488.000
19/04/1977 09:00,     486.000
20/04/1977 09:00,     480.000
21/04/1977 09:00,     477.000
22/04/1977 09:00,     477.000
23/04/1977 09:00,     475.000
24/04/1977 09:00,     476.000
25/04/1977 09:00,     475.000
26/04/1977 09:00,     471.000
27/04/1977 09:00,     468.000
28/04/1977 09:00,     466.000
29/04/1977 09:00,    1904.000
30/04/1977 09:00,    1884.000
01/05/1977 09:00,    1880.000
02/05/1977 09:00,    1886.000
03/05/1977 09:00,    1901.000
04/05/1977 09:00,    1908.000
05/05/1977 09:00,    1917.000
06/05/1977 09:00,    1920.000
07/05/1977 09:00,    2413.000
08/05/1977 09:00,    2431.000
09/05/1977 09:00,    2466.000
10/05/1977 09:00,    2987.000
11/05/1977 09:00,    2990.000
12/05/1977 09:00,    3558.000
13/05/1977 09:00,    3559.000
14/05/1977 09:00,    3506.000
15/05/1977 09:00,    3492.000
17/05/1977 09:00,    3492.000
18/05/1977 09:00,    3497.000
19/05/1977 09:00,    3497.000
20/05/1977 09:00,    3492.000
21/05/1977 09:00,    3488.000
22/05/1977 09:00,    3484.000
23/05/1977 09:00,    3464.000
24/05/1977 09:00,    3433.000
25/05/1977 09:00,    3395.000
26/05/1977 09:00,    3354.000
27/05/1977 09:00,    5386.000
28/05/1977 09:00,    5280.000
29/05/1977 09:00,    5240.000
30/05/1977 09:00,    5232.000
31/05/1977 09:00,    5222.000
01/06/1977 09:00,    5270.000
02/06/1977 09:00,    5300.000
03/06/1977 09:00,    5261.000
04/06/1977 09:00,    5254.000
05/06/1977 09:00,    5257.000
06/06/1977 09:00,    5267.000
07/06/1977 09:00,    5261.000
08/06/1977 09:00,    5284.000
09/06/1977 09:00,    5277.000
10/06/1977 09:00,    5271.000
11/06/1977 09:00,    5362.000
12/06/1977 09:00,    5331.000
13/06/1977 09:00,    5301.000
14/06/1977 09:00,    5281.000
15/06/1977 09:00,    5231.000
16/06/1977 09:00,    5205.000
17/06/1977 09:00,    5208.000
18/06/1977 09:00,    5188.000
19/06/1977 09:00,    5162.000
20/06/1977 09:00,    5162.000
21/06/1977 09:00,    4789.000
22/06/1977 09:00,    4813.000
23/06/1977 09:00,    4848.000
24/06/1977 09:00,    4862.000
25/06/1977 09:00,    4824.000
26/06/1977 09:00,    4830.000
27/06/1977 09:00,    4862.000
28/06/1977 09:00,    5277.000
29/06/1977 09:00,    5138.000
30/06/1977 09:00,    5118.000
01/07/1977 09:00,    5124.000
02/07/1977 09:00,    5240.000
03/07/1977 09:00,    5261.000
04/07/1977 09:00,    5205.000
05/07/1977 09:00,    5215.000
06/07/1977 09:00,    5228.000
07/07/1977 09:00,    5111.000
08/07/1977 09:00,    5035.000
09/07/1977 09:00,    5101.000
10/07/1977 09:00,    5169.000
11/07/1977 09:00,    5188.000
12/07/1977 09:00,    5179.000
13/07/1977 09:00,    5169.000
14/07/1977 09:00,    5228.000
15/07/1977 09:00,    5274.000
16/07/1977 09:00,    5137.000
17/07/1977 09:00,    5051.000
18/07/1977 09:00,    4956.000
19/07/1977 09:00,    4346.000
20/07/1977 09:00,    4321.000
21/07/1977 09:00,    4306.000
22/07/1977 09:00,    4304.000
23/07/1977 09:00,    4295.000
24/07/1977 09:00,    4278.000
25/07/1977 09:00,    4292.000
26/07/1977 09:00,    4297.000
27/07/1977 09:00,    4304.000
28/07/1977 09:00,    4348.000
29/07/1977 09:00,    4402.000
30/07/1977 09:00,    4445.000
31/07/1977 09:00,    4459.000
01/08/1977 09:00,    4464.000
02/08/1977 09:00,    4480.000
03/08/1977 09:00,    4480.000
04/08/1977 09:00,    4486.000
05/08/1977 09:00,    4492.000
06/08/1977 09:00,    4507.000
07/08/1977 09:00,    4523.000
08/08/1977 09:00,    4544.000
09/08/1977 09:00,    4584.000
10/08/1977 09:00,    4613.000
11/08/1977 09:00,    4629.000
12/08/1977 09:00,    4595.000
13/08/1977 09:00,    4526.000
14/08/1977 09:00,    4504.000
15/08/1977 09:00,    4471.000
16/08/1977 09:00,    4440.000
17/08/1977 09:00,    4440.000
18/08/1977 09:00,    4446.000
19/08/1977 09:00,    4469.000
20/08/1977 09:00,    4485.000
21/08/1977 09:00,    4531.000
22/08/1977 09:00,    4546.000
23/08/1977 09:00,    4570.000
24/08/1977 09:00,    1765.000
25/08/1977 09:00,    1788.000
26/08/1977 09:00,    1886.000
27/08/1977 09:00,    1961.000
28/08/1977 09:00,    5617.000
29/08/1977 09:00,    5078.000
30/08/1977 09:00,    5066.000
31/08/1977 09:00,    5156.000
01/09/1977 09:00,    5208.000
02/09/1977 09:00,    5213.000
03/09/1977 09:00,    5198.000
04/09/1977 09:00,    5189.000
05/09/1977 09:00,    5183.000
06/09/1977 09:00,    5177.000
07/09/1977 09:00,    5172.000
08/09/1977 09:00,    3535.000
09/09/1977 09:00,    3541.000
10/09/1977 09:00,    3597.000
11/09/1977 09:00,    3614.000
12/09/1977 09:00,    3617.000
13/09/1977 09:00,    3629.000
14/09/1977 09:00,    3644.000
15/09/1977 09:00,    3656.000
16/09/1977 09:00,    3723.000
17/09/1977 09:00,    3875.000
18/09/1977 09:00,    3889.000
19/09/1977 09:00,    3893.000
20/09/1977 09:00,    3882.000
21/09/1977 09:00,    4394.000
22/09/1977 09:00,    4445.000
23/09/1977 09:00,    4428.000
24/09/1977 09:00,    4419.000
25/09/1977 09:00,    4402.000
26/09/1977 09:00,    4385.000
27/09/1977 09:00,    4385.000
28/09/1977 09:00,    4394.000
29/09/1977 09:00,    4402.000
30/09/1977 09:00,    4463.000
01/10/1977 09:00,    4490.000
02/10/1977 09:00,    4428.000
03/10/1977 09:00,    4495.000
04/10/1977 09:00,    4486.000
05/10/1977 09:00,    4537.000
06/10/1977 09:00,    4655.000
07/10/1977 09:00,    4085.000
08/10/1977 09:00,    4103.000
09/10/1977 09:00,    6648.000
10/10/1977 09:00,    4162.000
11/10/1977 09:00,    3542.000
12/10/1977 09:00,    2953.000
13/10/1977 09:00,    2930.000
14/10/1977 09:00,    2930.000
15/10/1977 09:00,    2948.000
16/10/1977 09:00,    2983.000
17/10/1977 09:00,    2977.000
18/10/1977 09:00,    2985.000
19/10/1977 09:00,    2971.000
20/10/1977 09:00,    2340.000
21/10/1977 09:00,    2237.000
22/10/1977 09:00,    2362.000
23/10/1977 09:00,    2298.000
24/10/1977 09:00,    2310.000
25/10/1977 09:00,    1729.000
26/10/1977 09:00,    1753.000
27/10/1977 09:00,    1770.000
28/10/1977 09:00,    2322.000
29/10/1977 09:00,    2314.000
30/10/1977 09:00,    2328.000
31/10/1977 09:00,    2328.000
01/11/1977 09:00,    2323.000
02/11/1977 09:00,    2300.000
03/11/1977 09:00,    2298.000
04/11/1977 09:00,    2312.000
05/11/1977 09:00,    2873.000
06/11/1977 09:00,    2870.000
07/11/1977 09:00,    2865.000
08/11/1977 09:00,    2858.000
09/11/1977 09:00,    2848.000
10/11/1977 09:00,    2834.000
11/11/1977 09:00,    2833.000
12/11/1977 09:00,    2823.000
13/11/1977 09:00,    2813.000
14/11/1977 09:00,    2800.000
15/11/1977 09:00,    2805.000
16/11/1977 09:00,    2788.000
17/11/1977 09:00,    2773.000
18/11/1977 09:00,    2228.000
19/11/1977 09:00,    2243.000
20/11/1977 09:00,    2232.000
21/11/1977 09:00,    2226.000
22/11/1977 09:00,    2232.000
23/11/1977 09:00,    2524.000
24/11/1977 09:00,    2539.000
25/11/1977 09:00,    2803.000
26/11/1977 09:00,    3118.000
27/11/1977 09:00,    3095.000
28/11/1977 09:00,    3081.000
29/11/1977 09:00,    3074.000
30/11/1977 09:00,    3079.000
01/12/1977 09:00,    3084.000
02/12/1977 09:00,    2998.000
03/12/1977 09:00,    2436.000
04/12/1977 09:00,    2471.000
05/12/1977 09:00,    2485.000
06/12/1977 09:00,    2212.000
07/12/1977 09:00,    2252.000
08/12/1977 09:00,    3949.000
09/12/1977 09:00,    3921.000
10/12/1977 09:00,    3319.000
11/12/1977 09:00,    3306.000
12/12/1977 09:00,    3305.000
13/12/1977 09:00,    3324.000
14/12/1977 09:00,    3321.000
15/12/1977 09:00,    3297.000
16/12/1977 09:00,    3866.000
17/12/1977 09:00,    4993.000
18/12/1977 09:00,    4980.000
19/12/1977 09:00,    4946.000
20/12/1977 09:00,    4899.000
21/12/1977 09:00,    4812.000
22/12/1977 09:00,    4859.000
23/12/1977 09:00,    4829.000
24/12/1977 09:00,    4865.000
25/12/1977 09:00,    4874.000
26/12/1977 09:00,    4761.000
27/12/1977 09:00,    4789.000
28/12/1977 09:00,    4157.000
29/12/1977 09:00,    3103.000
30/12/1977 09:00,    3126.000
31/12/1977 09:00,    4703.000
01/01/1978 09:00,    4250.000
02/01/1978 09:00,    4181.000
03/01/1978 09:00,    4160.000
04/01/1978 09:00,    4681.000
05/01/1978 09:00,    4611.000
06/01/1978 09:00,    4535.000
07/01/1978 09:00,    4523.000
08/01/1978 09:00,    4463.000
09/01/1978 09:00,    4374.000
10/01/1978 09:00,    3235.000
11/01/1978 09:00,    3242.000
12/01/1978 09:00,    3219.000
13/01/1978 09:00,    3200.000
14/01/1978 09:00,    3157.000
15/01/1978 09:00,    3163.000
16/01/1978 09:00,    3148.000
17/01/1978 09:00,    3122.000
18/01/1978 09:00,    2491.000
19/01/1978 09:00,    2524.000
20/01/1978 09:00,    2523.000
21/01/1978 09:00,    2508.000
22/01/1978 09:00,    3068.000
23/01/1978 09:00,    3050.000
24/01/1978 09:00,    3058.000
25/01/1978 09:00,    3021.000
26/01/1978 09:00,    2977.000
27/01/1978 09:00,    2977.000
28/01/1978 09:00,    2968.000
29/01/1978 09:00,    2965.000
30/01/1978 09:00,    2951.000
31/01/1978 09:00,    2929.000
01/02/1978 09:00,    4077.000
02/02/1978 09:00,    4014.000
03/02/1978 09:00,    3966.000
04/02/1978 09:00,    4940.000
05/02/1978 09:00,    4937.000
06/02/1978 09:00,    4809.000
07/02/1978 09:00,    5629.000
08/02/1978 09:00,    5560.000
09/02/1978 09:00,    5471.000
10/02/1978 09:00,    5337.000
11/02/1978 09:00,    4289.000
12/02/1978 09:00,    4282.000
13/02/1978 09:00,    4217.000
14/02/1978 09:00,    3404.000
15/02/1978 09:00,    2486.000
16/02/1978 09:00,    2066.000
17/02/1978 09:00,    2069.000
18/02/1978 09:00,    2404.000
19/02/1978 09:00,    2398.000
20/02/1978 09:00,    2370.000
21/02/1978 09:00,    2892.000
22/02/1978 09:00,    2893.000
23/02/1978 09:00,    3600.000
24/02/1978 09:00,    3837.000
25/02/1978 09:00,    3996.000
26/02/1978 09:00,    4037.000
27/02/1978 09:00,    3968.000
28/02/1978 09:00,    3795.000
01/03/1978 09:00,    2675.000
02/03/1978 09:00,    1432.000
03/03/1978 09:00,    1461.000
04/03/1978 09:00,    1446.000
05/03/1978 09:00,    1440.000
06/03/1978 09:00,    1432.000
07/03/1978 09:00,    1422.000
08/03/1978 09:00,    1427.000
09/03/1978 09:00,    1419.000
10/03/1978 09:00,    1411.000
11/03/1978 09:00,    1403.000
12/03/1978 09:00,    1410.000
13/03/1978 09:00,    1410.000
14/03/1978 09:00,    1402.000
15/03/1978 09:00,    1388.000
16/03/1978 09:00,    1375.000
17/03/1978 09:00,    1080.000
18/03/1978 09:00,    1085.000
19/03/1978 09:00,    1076.000
20/03/1978 09:00,    1070.000
21/03/1978 09:00,    1066.000
22/03/1978 09:00,    1043.000
23/03/1978 09:00,    1040.000
24/03/1978 09:00,     446.000
25/03/1978 09:00,     465.000
26/03/1978 09:00,     465.000
27/03/1978 09:00,     453.000
28/03/1978 09:00,     441.000
29/03/1978 09:00,     433.000
30/03/1978 09:00,     479.000
31/03/1978 09:00,     497.000
01/04/1978 09:00,    1104.000
02/04/1978 09:00,     980.000
03/04/1978 09:00,     934.000
04/04/1978 09:00,     451.000
05/04/1978 09:00,     508.000
06/04/1978 09:00,     451.000
07/04/1978 09:00,     473.000
08/04/1978 09:00,     506.000
09/04/1978 09:00,     486.000
10/04/1978 09:00,     510.000
11/04/1978 09:00,     514.000
12/04/1978 09:00,     519.000
13/04/1978 09:00,     511.000
14/04/1978 09:00,     539.000
15/04/1978 09:00,    1118.000
16/04/1978 09:00,    1948.000
17/04/1978 09:00,    1970.000
18/04/1978 09:00,    2001.000
19/04/1978 09:00,    1915.000
20/04/1978 09:00,    1092.000
21/04/1978 09:00,    1142.000
22/04/1978 09:00,    1573.000
23/04/1978 09:00,    1602.000
24/04/1978 09:00,    1566.000
25/04/1978 09:00,    1039.000
26/04/1978 09:00,    1059.000
27/04/1978 09:00,    1055.000
28/04/1978 09:00,     563.000
29/04/1978 09:00,     550.000
30/04/1978 09:00,     559.000
01/05/1978 09:00,     568.000
02/05/1978 09:00,    1602.000
03/05/1978 09:00,    3701.000
04/05/1978 09:00,    1595.000
05/05/1978 09:00,    1595.000
06/05/1978 09:00,    1589.000
07/05/1978 09:00,    1586.000
08/05/1978 09:00,    1603.000
09/05/1978 09:00,    2729.000
10/05/1978 09:00,    2518.000
11/05/1978 09:00,    2469.000
12/05/1978 09:00,    2406.000
13/05/1978 09:00,    1822.000
14/05/1978 09:00,    1820.000
15/05/1978 09:00,    1383.000
16/05/1978 09:00,    1347.000
17/05/1978 09:00,    1392.000
18/05/1978 09:00,    1373.000
19/05/1978 09:00,    1359.000
20/05/1978 09:00,    1362.000
21/05/1978 09:00,    1347.000
22/05/1978 09:00,     871.000
23/05/1978 09:00,     895.000
24/05/1978 09:00,     866.000
25/05/1978 09:00,     815.000
26/05/1978 09:00,     497.000
27/05/1978 09:00,     522.000
28/05/1978 09:00,     554.000
29/05/1978 09:00,     563.000
30/05/1978 09:00,     553.000
31/05/1978 09:00,     532.000
01/06/1978 09:00,     545.000
02/06/1978 09:00,     562.000
03/06/1978 09:00,     531.000
04/06/1978 09:00,     539.000
05/06/1978 09:00,     559.000
06/06/1978 09:00,     562.000
07/06/1978 09:00,     568.000
08/06/1978 09:00,     577.000
09/06/1978 09:00,     588.000
10/06/1978 09:00,     606.000
11/06/1978 09:00,     615.000
12/06/1978 09:00,     612.000
13/06/1978 09:00,     619.000
14/06/1978 09:00,     624.000
15/06/1978 09:00,     615.000
16/06/1978 09:00,     605.000
17/06/1978 09:00,     611.000
18/06/1978 09:00,     614.000
19/06/1978 09:00,     623.000
20/06/1978 09:00,     630.000
21/06/1978 09:00,     631.000
22/06/1978 09:00,     633.000
23/06/1978 09:00,     635.000
24/06/1978 09:00,     639.000
25/06/1978 09:00,     644.000
26/06/1978 09:00,     651.000
27/06/1978 09:00,     712.000
28/06/1978 09:00,     664.000
29/06/1978 09:00,     668.000
30/06/1978 09:00,     671.000
01/07/1978 09:00,     676.000
02/07/1978 09:00,     680.000
03/07/1978 09:00,     688.000
04/07/1978 09:00,     702.000
05/07/1978 09:00,     717.000
06/07/1978 09:00,     699.000
07/07/1978 09:00,     714.000
08/07/1978 09:00,     715.000
09/07/1978 09:00,     722.000
10/07/1978 09:00,     705.000
11/07/1978 09:00,     718.000
12/07/1978 09:00,     713.000
13/07/1978 09:00,     706.000
14/07/1978 09:00,     710.000
15/07/1978 09:00,     715.000
16/07/1978 09:00,     719.000
17/07/1978 09:00,     721.000
18/07/1978 09:00,     706.000
19/07/1978 09:00,     694.000
20/07/1978 09:00,     698.000
21/07/1978 09:00,     702.000
22/07/1978 09:00,     709.000
23/07/1978 09:00,     688.000
24/07/1978 09:00,     671.000
25/07/1978 09:00,     668.000
26/07/1978 09:00,     669.000
27/07/1978 09:00,     671.000
28/07/1978 09:00,     672.000
29/07/1978 09:00,     657.000
30/07/1978 09:00,     652.000
31/07/1978 09:00,     651.000
01/08/1978 09:00,    1915.000
02/08/1978 09:00,    1905.000
03/08/1978 09:00,    1884.000
04/08/1978 09:00,    1861.000
05/08/1978 09:00,    1832.000
06/08/1978 09:00,    1824.000
07/08/1978 09:00,    1805.000
08/08/1978 09:00,    1797.000
09/08/1978 09:00,    1781.000
10/08/1978 09:00,    1762.000
11/08/1978 09:00,    1757.000
12/08/1978 09:00,    1730.000
13/08/1978 09:00,    1732.000
14/08/1978 09:00,    1721.000
15/08/1978 09:00,    1716.000
16/08/1978 09:00,    1710.000
17/08/1978 09:00,    1710.000
18/08/1978 09:00,    1716.000
19/08/1978 09:00,    2098.000
20/08/1978 09:00,    2290.000
21/08/1978 09:00,    2285.000
22/08/1978 09:00,    3403.000
23/08/1978 09:00,    3373.000
24/08/1978 09:00,    3367.000
25/08/1978 09:00,    3362.000
26/08/1978 09:00,    3332.000
27/08/1978 09:00,    3320.000
28/08/1978 09:00,    3308.000
29/08/1978 09:00,    3308.000
30/08/1978 09:00,    2175.000
31/08/1978 09:00,    2183.000
01/09/1978 09:00,    2194.000
02/09/1978 09:00,    2198.000
03/09/1978 09:00,    2190.000
04/09/1978 09:00,    2190.000
05/09/1978 09:00,    2186.000
06/09/1978 09:00,    2730.000
07/09/1978 09:00,    2711.000
08/09/1978 09:00,    2716.000
09/09/1978 09:00,    2711.000
10/09/1978 09:00,    2710.000
11/09/1978 09:00,    2705.000
12/09/1978 09:00,    2700.000
13/09/1978 09:00,    2705.000
14/09/1978 09:00,    2690.000
15/09/1978 09:00,    2685.000
16/09/1978 09:00,    2680.000
17/09/1978 09:00,    2685.000
18/09/1978 09:00,    2670.000
19/09/1978 09:00,    2685.000
20/09/1978 09:00,    2685.000
21/09/1978 09:00,    2695.000
22/09/1978 09:00,    2695.000
23/09/1978 09:00,    1720.000
24/09/1978 09:00,    2755.000
25/09/1978 09:00,    2794.000
26/09/1978 09:00,    2818.000
27/09/1978 09:00,    2856.000
28/09/1978 09:00,    2875.000
29/09/1978 09:00,    2909.000
30/09/1978 09:00,    2937.000
01/10/1978 09:00,    2951.000
02/10/1978 09:00,    2956.000
03/10/1978 09:00,    2938.000
04/10/1978 09:00,    2929.000
05/10/1978 09:00,    2924.000
06/10/1978 09:00,    2920.000
07/10/1978 09:00,    2920.000
08/10/1978 09:00,    2925.000
09/10/1978 09:00,    2910.000
10/10/1978 09:00,    2891.000
11/10/1978 09:00,    2887.000
12/10/1978 09:00,    2882.000
13/10/1978 09:00,    2868.000
14/10/1978 09:00,    2863.000
15/10/1978 09:00,    2853.000
16/10/1978 09:00,    2829.000
17/10/1978 09:00,    2819.000
18/10/1978 09:00,    2800.000
19/10/1978 09:00,    2790.000
20/10/1978 09:00,    2786.000
21/10/1978 09:00,    2785.000
22/10/1978 09:00,    1780.000
23/10/1978 09:00,    2771.000
24/10/1978 09:00,    3878.000
25/10/1978 09:00,    3870.000
26/10/1978 09:00,    3856.000
27/10/1978 09:00,    3849.000
28/10/1978 09:00,    3841.000
29/10/1978 09:00,    3841.000
30/10/1978 09:00,    3798.000
31/10/1978 09:00,    3776.000
01/11/1978 09:00,    3768.000
02/11/1978 09:00,    3775.000
03/11/1978 09:00,    3768.000
04/11/1978 09:00,    3767.000
05/11/1978 09:00,    3767.000
06/11/1978 09:00,    3759.000
07/11/1978 09:00,    3759.000
08/11/1978 09:00,    3773.000
09/11/1978 09:00,    4865.000
10/11/1978 09:00,    4836.000
11/11/1978 09:00,    4292.000
12/11/1978 09:00,    4292.000
13/11/1978 09:00,    4301.000
14/11/1978 09:00,    4318.000
15/11/1978 09:00,    4344.000
16/11/1978 09:00,    4377.000
17/11/1978 09:00,    4428.000
18/11/1978 09:00,    4470.000
19/11/1978 09:00,    4512.000
20/11/1978 09:00,    4587.000
21/11/1978 09:00,    4654.000
22/11/1978 09:00,    4705.000
23/11/1978 09:00,    3520.000
24/11/1978 09:00,    3612.000
25/11/1978 09:00,    2410.000
26/11/1978 09:00,    2449.000
27/11/1978 09:00,    2467.000
28/11/1978 09:00,    2488.000
29/11/1978 09:00,    2516.000
30/11/1978 09:00,    2547.000
01/12/1978 09:00,    3656.000
02/12/1978 09:00,    3604.000
03/12/1978 09:00,    3594.000
04/12/1978 09:00,    3589.000
05/12/1978 09:00,    3583.000
06/12/1978 09:00,    3579.000
07/12/1978 09:00,    3584.000
08/12/1978 09:00,    3590.000
09/12/1978 09:00,    3595.000
10/12/1978 09:00,    3616.000
11/12/1978 09:00,    3612.000
12/12/1978 09:00,    2579.000
13/12/1978 09:00,    2613.000
14/12/1978 09:00,    2634.000
15/12/1978 09:00,    2627.000
16/12/1978 09:00,    2630.000
17/12/1978 09:00,    2633.000
18/12/1978 09:00,    2640.000
19/12/1978 09:00,    2644.000
20/12/1978 09:00,    2667.000
21/12/1978 09:00,    2681.000
22/12/1978 09:00,    2681.000
23/12/1978 09:00,    3106.000
24/12/1978 09:00,    3107.000
25/12/1978 09:00,    3106.000
26/12/1978 09:00,    3577.000
27/12/1978 09:00,    3538.000
28/12/1978 09:00,    3543.000
29/12/1978 09:00,    3553.000
30/12/1978 09:00,    3597.000
31/12/1978 09:00,    3617.000
01/01/1979 09:00,    3661.000
02/01/1979 09:00,    3672.000
03/01/1979 09:00,    3673.000
04/01/1979 09:00,    2777.000
05/01/1979 09:00,    2794.000
06/01/1979 09:00,    2811.000
07/01/1979 09:00,    2811.000
08/01/1979 09:00,    2809.000
09/01/1979 09:00,    2835.000
10/01/1979 09:00,    2881.000
11/01/1979 09:00,    2881.000
12/01/1979 09:00,    2408.000
13/01/1979 09:00,    2425.000
14/01/1979 09:00,    2425.000
15/01/1979 09:00,    2428.000
16/01/1979 09:00,    2431.000
17/01/1979 09:00,    2425.000
18/01/1979 09:00,    2433.000
19/01/1979 09:00,    1507.000
20/01/1979 09:00,    1557.000
21/01/1979 09:00,    1555.000
22/01/1979 09:00,    1554.000
23/01/1979 09:00,     754.000
24/01/1979 09:00,    1254.000
25/01/1979 09:00,    1269.000
26/01/1979 09:00,    1298.000
27/01/1979 09:00,    2107.000
28/01/1979 09:00,    2106.000
29/01/1979 09:00,    2103.000
30/01/1979 09:00,    2103.000
31/01/1979 09:00,    2111.000
01/02/1979 09:00,    2131.000
02/02/1979 09:00,    2144.000
03/02/1979 09:00,    2728.000
04/02/1979 09:00,    2709.000
05/02/1979 09:00,    2717.000
06/02/1979 09:00,    2838.000
07/02/1979 09:00,    2894.000
08/02/1979 09:00,    2860.000
09/02/1979 09:00,    2258.000
10/02/1979 09:00,    1698.000
11/02/1979 09:00,    1703.000
12/02/1979 09:00,    1711.000
13/02/1979 09:00,    1420.000
14/02/1979 09:00,    1421.000
15/02/1979 09:00,    1425.000
16/02/1979 09:00,    1450.000
17/02/1979 09:00,    2370.000
18/02/1979 09:00,    2958.000
19/02/1979 09:00,    2932.000
20/02/1979 09:00,    2999.000
21/02/1979 09:00,    3892.000
22/02/1979 09:00,    3885.000
23/02/1979 09:00,    3717.000
24/02/1979 09:00,    2326.000
25/02/1979 09:00,    2269.000
26/02/1979 09:00,    2320.000
27/02/1979 09:00,    2314.000
28/02/1979 09:00,    2330.000
01/03/1979 09:00,    1678.000
02/03/1979 09:00,    2263.000
03/03/1979 09:00,    2935.000
04/03/1979 09:00,    2269.000
05/03/1979 09:00,    2269.000
06/03/1979 09:00,    2423.000
07/03/1979 09:00,    2954.000
08/03/1979 09:00,    2930.000
09/03/1979 09:00,    2927.000
10/03/1979 09:00,    2940.000
11/03/1979 09:00,    2935.000
12/03/1979 09:00,    2920.000
13/03/1979 09:00,    2009.000
14/03/1979 09:00,    1131.000
15/03/1979 09:00,    1146.000
16/03/1979 09:00,    1460.000
17/03/1979 09:00,    1483.000
18/03/1979 09:00,    1483.000
19/03/1979 09:00,    1480.000
20/03/1979 09:00,    2968.000
21/03/1979 09:00,    2963.000
22/03/1979 09:00,    4191.000
23/03/1979 09:00,    4180.000
24/03/1979 09:00,    4144.000
25/03/1979 09:00,    3416.000
26/03/1979 09:00,    1710.000
27/03/1979 09:00,    1732.000
28/03/1979 09:00,    2576.000
29/03/1979 09:00,    3406.000
30/03/1979 09:00,    2852.000
31/03/1979 09:00,    2266.000
01/04/1979 09:00,    2771.000
02/04/1979 09:00,    2566.000
03/04/1979 09:00,    2256.000
04/04/1979 09:00,    2275.000
05/04/1979 09:00,    2226.000
06/04/1979 09:00,    2248.000
07/04/1979 09:00,    1406.000
08/04/1979 09:00,    1412.000
09/04/1979 09:00,    1407.000
10/04/1979 09:00,    1391.000
11/04/1979 09:00,    1392.000
12/04/1979 09:00,    1249.000
13/04/1979 09:00,    1258.000
14/04/1979 09:00,    1257.000
15/04/1979 09:00,    1256.000
16/04/1979 09:00,    1841.000
17/04/1979 09:00,    1841.000
18/04/1979 09:00,    1833.000
19/04/1979 09:00,    1219.000
20/04/1979 09:00,    1222.000
21/04/1979 09:00,    2425.000
22/04/1979 09:00,    2425.000
23/04/1979 09:00,    2439.000
24/04/1979 09:00,    2991.000
25/04/1979 09:00,    2976.000
26/04/1979 09:00,    2972.000
27/04/1979 09:00,    1823.000
28/04/1979 09:00,    1570.000
29/04/1979 09:00,    1564.000
30/04/1979 09:00,    1535.000
01/05/1979 09:00,    1573.000
02/05/1979 09:00,    1555.000
03/05/1979 09:00,    1553.000
04/05/1979 09:00,    1530.000
05/05/1979 09:00,    1533.000
06/05/1979 09:00,    1571.000
07/05/1979 09:00,    1565.000
08/05/1979 09:00,    1024.000
09/05/1979 09:00,    1028.000
10/05/1979 09:00,    1000.000
11/05/1979 09:00,     997.000
12/05/1979 09:00,     993.000
13/05/1979 09:00,     992.000
14/05/1979 09:00,     990.000
15/05/1979 09:00,     990.000
16/05/1979 09:00,     971.000
17/05/1979 09:00,     964.000
18/05/1979 09:00,     971.000
19/05/1979 09:00,     990.000
20/05/1979 09:00,     987.000
21/05/1979 09:00,     976.000
22/05/1979 09:00,     965.000
23/05/1979 09:00,    2357.000
24/05/1979 09:00,    2358.000
25/05/1979 09:00,    2903.000
26/05/1979 09:00,    3463.000
28/05/1979 09:00,    3463.000
29/05/1979 09:00,    3449.000
30/05/1979 09:00,    3446.000
31/05/1979 09:00,    3443.000
01/06/1979 09:00,    3440.000
02/06/1979 09:00,    2865.000
03/06/1979 09:00,    2867.000
04/06/1979 09:00,    2867.000
05/06/1979 09:00,    2801.000
06/06/1979 09:00,    2717.000
07/06/1979 09:00,    2683.000
08/06/1979 09:00,    2151.000
09/06/1979 09:00,    2193.000
10/06/1979 09:00,    2192.000
11/06/1979 09:00,    2220.000
12/06/1979 09:00,    2317.000
13/06/1979 09:00,    2317.000
14/06/1979 09:00,    2297.000
15/06/1979 09:00,    2243.000
16/06/1979 09:00,    2266.000
17/06/1979 09:00,    2277.000
18/06/1979 09:00,    2285.000
19/06/1979 09:00,    2259.000
20/06/1979 09:00,    3355.000
21/06/1979 09:00,    3325.000
22/06/1979 09:00,    3884.000
23/06/1979 09:00,    3878.000
24/06/1979 09:00,    3912.000
25/06/1979 09:00,    3909.000
26/06/1979 09:00,    3912.000
27/06/1979 09:00,    4050.000
28/06/1979 09:00,    4084.000
29/06/1979 09:00,    4100.000
30/06/1979 09:00,    3975.000
01/07/1979 09:00,    3909.000
02/07/1979 09:00,    3892.000
03/07/1979 09:00,    3892.000
04/07/1979 09:00,    3905.000
05/07/1979 09:00,    3925.000
06/07/1979 09:00,    3938.000
07/07/1979 09:00,    4043.000
08/07/1979 09:00,    4047.000
09/07/1979 09:00,    4109.000
10/07/1979 09:00,    2395.000
11/07/1979 09:00,    2436.000
12/07/1979 09:00,    2446.000
13/07/1979 09:00,    2491.000
14/07/1979 09:00,    2559.000
15/07/1979 09:00,    5041.000
16/07/1979 09:00,    5003.000
17/07/1979 09:00,    5008.000
18/07/1979 09:00,    5003.000
19/07/1979 09:00,    5016.000
20/07/1979 09:00,    5024.000
21/07/1979 09:00,    4987.000
22/07/1979 09:00,    4966.000
23/07/1979 09:00,    4986.000
24/07/1979 09:00,    3744.000
25/07/1979 09:00,    3726.000
26/07/1979 09:00,    3693.000
27/07/1979 09:00,    3715.000
28/07/1979 09:00,    2502.000
29/07/1979 09:00,    2502.000
30/07/1979 09:00,    2501.000
31/07/1979 09:00,    2486.000
01/08/1979 09:00,    2488.000
02/08/1979 09:00,    3727.000
03/08/1979 09:00,    3718.000
04/08/1979 09:00,    3727.000
05/08/1979 09:00,    3730.000
06/08/1979 09:00,    3730.000
07/08/1979 09:00,    3773.000
08/08/1979 09:00,    3753.000
09/08/1979 09:00,    3776.000
10/08/1979 09:00,    2511.000
11/08/1979 09:00,    2522.000
12/08/1979 09:00,    2525.000
13/08/1979 09:00,    2531.000
14/08/1979 09:00,    2536.000
15/08/1979 09:00,    3135.000
16/08/1979 09:00,    3140.000
17/08/1979 09:00,    3142.000
18/08/1979 09:00,    3149.000
19/08/1979 09:00,    3137.000
20/08/1979 09:00,    3104.000
21/08/1979 09:00,    2497.000
22/08/1979 09:00,    1914.000
23/08/1979 09:00,    1927.000
24/08/1979 09:00,    2515.000
25/08/1979 09:00,    2519.000
26/08/1979 09:00,    2515.000
27/08/1979 09:00,    2513.000
28/08/1979 09:00,    2515.000
29/08/1979 09:00,    2180.000
30/08/1979 09:00,    1618.000
31/08/1979 09:00,    1618.000
01/09/1979 09:00,    1600.000
02/09/1979 09:00,    1560.000
03/09/1979 09:00,    1505.000
04/09/1979 09:00,    1549.000
05/09/1979 09:00,    1543.000
06/09/1979 09:00,    1503.000
07/09/1979 09:00,    1498.000
08/09/1979 09:00,    1474.000
09/09/1979 09:00,    1475.000
10/09/1979 09:00,    1478.000
11/09/1979 09:00,    3413.000
12/09/1979 09:00,    3386.000
13/09/1979 09:00,    4499.000
14/09/1979 09:00,    4495.000
15/09/1979 09:00,    4487.000
16/09/1979 09:00,    4482.000
17/09/1979 09:00,    4446.000
18/09/1979 09:00,    4382.000
19/09/1979 09:00,    4360.000
20/09/1979 09:00,    4345.000
21/09/1979 09:00,    4277.000
22/09/1979 09:00,    4236.000
23/09/1979 09:00,    4236.000
24/09/1979 09:00,    4229.000
25/09/1979 09:00,    4143.000
26/09/1979 09:00,    4101.000
27/09/1979 09:00,    4094.000
28/09/1979 09:00,    3566.000
29/09/1979 09:00,    3546.000
30/09/1979 09:00,    3538.000
01/10/1979 09:00,    3538.000
02/10/1979 09:00,    3513.000
03/10/1979 09:00,    3511.000
04/10/1979 09:00,    3491.000
05/10/1979 09:00,    3498.000
06/10/1979 09:00,    3982.000
07/10/1979 09:00,    3976.000
09/10/1979 09:00,    3976.000
10/10/1979 09:00,    3970.000
11/10/1979 09:00,    3966.000
12/10/1979 09:00,    3950.000
13/10/1979 09:00,    3898.000
14/10/1979 09:00,    3893.000
15/10/1979 09:00,    3858.000
16/10/1979 09:00,    3851.000
17/10/1979 09:00,    3806.000
18/10/1979 09:00,    3800.000
19/10/1979 09:00,    3800.000
20/10/1979 09:00,    3806.000
22/10/1979 09:00,    3806.000
23/10/1979 09:00,    3800.000
24/10/1979 09:00,    4285.000
25/10/1979 09:00,    4312.000
26/10/1979 09:00,    4299.000
27/10/1979 09:00,    4275.000
28/10/1979 09:00,    4256.000
29/10/1979 09:00,    4238.000
30/10/1979 09:00,    4245.000
31/10/1979 09:00,    4175.000
01/11/1979 09:00,    4171.000
02/11/1979 09:00,    4177.000
03/11/1979 09:00,    4148.000
04/11/1979 09:00,    4140.000
05/11/1979 09:00,    4111.000
06/11/1979 09:00,    4053.000
07/11/1979 09:00,    4034.000
08/11/1979 09:00,    4021.000
09/11/1979 09:00,    3988.000
10/11/1979 09:00,    3956.000
11/11/1979 09:00,    3931.000
12/11/1979 09:00,    3911.000
13/11/1979 09:00,    3879.000
14/11/1979 09:00,    3848.000
15/11/1979 09:00,    3829.000
16/11/1979 09:00,    3798.000
17/11/1979 09:00,    3773.000
18/11/1979 09:00,    3755.000
19/11/1979 09:00,    3748.000
20/11/1979 09:00,    3748.000
21/11/1979 09:00,    3742.000
22/11/1979 09:00,    3742.000
23/11/1979 09:00,    3782.000
24/11/1979 09:00,    3808.000
25/11/1979 09:00,    3854.000
26/11/1979 09:00,    3900.000
27/11/1979 09:00,    2298.000
28/11/1979 09:00,    2482.000
29/11/1979 09:00,    1893.000
30/11/1979 09:00,    2229.000
01/12/1979 09:00,    2192.000
02/12/1979 09:00,    2090.000
03/12/1979 09:00,    2196.000
04/12/1979 09:00,    2271.000
05/12/1979 09:00,    2995.000
06/12/1979 09:00,    6213.000
07/12/1979 09:00,    6057.000
08/12/1979 09:00,    3091.000
09/12/1979 09:00,    4998.000
10/12/1979 09:00,    4964.000
11/12/1979 09:00,    4505.000
12/12/1979 09:00,    4767.000
13/12/1979 09:00,    4760.000
14/12/1979 09:00,    5550.000
15/12/1979 09:00,    6358.000
16/12/1979 09:00,    6209.000
17/12/1979 09:00,    6909.000
18/12/1979 09:00,    6873.000
19/12/1979 09:00,    6294.000
20/12/1979 09:00,    6276.000
21/12/1979 09:00,    5964.000
22/12/1979 09:00,    5552.000
23/12/1979 09:00,    5541.000
24/12/1979 09:00,    5512.000
25/12/1979 09:00,    5724.000
26/12/1979 09:00,    6210.000
27/12/1979 09:00,    6169.000
28/12/1979 09:00,    6667.000
29/12/1979 09:00,    5365.000
30/12/1979 09:00,    5595.000
31/12/1979 09:00,    5569.000
01/01/1980 09:00,    5987.000
02/01/1980 09:00,    5930.000
03/01/1980 09:00,    5915.000
04/01/1980 09:00,    5404.000
05/01/1980 09:00,    5371.000
06/01/1980 09:00,    5349.000
07/01/1980 09:00,    5329.000
08/01/1980 09:00,    5806.000
09/01/1980 09:00,    5761.000
10/01/1980 09:00,    5723.000
11/01/1980 09:00,    5676.000
12/01/1980 09:00,    5658.000
13/01/1980 09:00,    5930.000
14/01/1980 09:00,    6658.000
15/01/1980 09:00,    6568.000
16/01/1980 09:00,    6539.000
17/01/1980 09:00,    6558.000
18/01/1980 09:00,    6549.000
19/01/1980 09:00,    6530.000
20/01/1980 09:00,    6981.000
21/01/1980 09:00,    6283.000
22/01/1980 09:00,    6722.000
23/01/1980 09:00,    6680.000
24/01/1980 09:00,    6624.000
25/01/1980 09:00,    6579.000
26/01/1980 09:00,    6859.000
27/01/1980 09:00,    6873.000
28/01/1980 09:00,    6777.000
29/01/1980 09:00,    6763.000
30/01/1980 09:00,    6721.000
31/01/1980 09:00,    6664.000
02/02/1980 09:00,    6070.000
03/02/1980 09:00,    5960.000
04/02/1980 09:00,    5410.000
05/02/1980 09:00,    4890.000
06/02/1980 09:00,    4070.000
07/02/1980 09:00,    4060.000
08/02/1980 09:00,    4050.000
09/02/1980 09:00,    4050.000
10/02/1980 09:00,    4480.000
11/02/1980 09:00,    5040.000
12/02/1980 09:00,    5080.000
13/02/1980 09:00,    4920.000
14/02/1980 09:00,    1730.000
15/02/1980 09:00,    1360.000
16/02/1980 09:00,    1350.000
17/02/1980 09:00,    1360.000
18/02/1980 09:00,    1360.000
19/02/1980 09:00,    1730.000
20/02/1980 09:00,    1730.000
21/02/1980 09:00,    1720.000
22/02/1980 09:00,    1710.000
23/02/1980 09:00,    2090.000
24/02/1980 09:00,    2060.000
25/02/1980 09:00,    1670.000
26/02/1980 09:00,    1680.000
27/02/1980 09:00,    1680.000
28/02/1980 09:00,    1690.000
29/02/1980 09:00,    1680.000
01/03/1980 09:00,    1520.000
02/03/1980 09:00,    1510.000
03/03/1980 09:00,    1340.000
04/03/1980 09:00,    1520.000
05/03/1980 09:00,    1510.000
06/03/1980 09:00,    1530.000
07/03/1980 09:00,    1690.000
08/03/1980 09:00,    1680.000
09/03/1980 09:00,    1760.000
10/03/1980 09:00,    1660.000
11/03/1980 09:00,    1650.000
12/03/1980 09:00,    1030.000
13/03/1980 09:00,    1020.000
14/03/1980 09:00,     830.000
15/03/1980 09:00,     830.000
16/03/1980 09:00,     840.000
17/03/1980 09:00,     840.000
18/03/1980 09:00,     840.000
19/03/1980 09:00,     830.000
20/03/1980 09:00,     840.000
21/03/1980 09:00,     840.000
22/03/1980 09:00,     830.000
23/03/1980 09:00,     830.000
24/03/1980 09:00,     830.000
25/03/1980 09:00,    1600.000
26/03/1980 09:00,    2430.000
27/03/1980 09:00,    2530.000
28/03/1980 09:00,    2530.000
29/03/1980 09:00,    2590.000
30/03/1980 09:00,    2510.000
31/03/1980 09:00,    2480.000
01/04/1980 09:00,    2010.000
02/04/1980 09:00,     810.000
03/04/1980 09:00,     810.000
04/04/1980 09:00,     820.000
05/04/1980 09:00,     810.000
06/04/1980 09:00,     810.000
07/04/1980 09:00,     820.000
08/04/1980 09:00,     810.000
14/04/1980 09:00,     810.000
15/04/1980 09:00,     830.000
16/04/1980 09:00,     850.000
17/04/1980 09:00,     850.000
18/04/1980 09:00,     860.000
19/04/1980 09:00,    1290.000
20/04/1980 09:00,     850.000
21/04/1980 09:00,     460.000
22/04/1980 09:00,     470.000
23/04/1980 09:00,     470.000
24/04/1980 09:00,     500.000
25/04/1980 09:00,     720.000
26/04/1980 09:00,     920.000
27/04/1980 09:00,     930.000
28/04/1980 09:00,    1390.000
29/04/1980 09:00,    1390.000
30/04/1980 09:00,    1400.000
01/05/1980 09:00,     640.000
02/05/1980 09:00,     620.000
03/05/1980 09:00,     630.000
04/05/1980 09:00,     630.000
05/05/1980 09:00,     640.000
06/05/1980 09:00,     610.000
07/05/1980 09:00,     520.000
08/05/1980 09:00,     530.000
09/05/1980 09:00,     530.000
10/05/1980 09:00,     540.000
11/05/1980 09:00,     540.000
12/05/1980 09:00,     540.000
13/05/1980 09:00,     540.000
14/05/1980 09:00,     550.000
15/05/1980 09:00,     550.000
16/05/1980 09:00,     570.000
17/05/1980 09:00,     590.000
18/05/1980 09:00,     590.000
19/05/1980 09:00,    1210.000
20/05/1980 09:00,    1100.000
21/05/1980 09:00,    1620.000
22/05/1980 09:00,    1640.000
23/05/1980 09:00,    1640.000
24/05/1980 09:00,    1390.000
25/05/1980 09:00,    1400.000
26/05/1980 09:00,    1420.000
27/05/1980 09:00,    1140.000
28/05/1980 09:00,     890.000
29/05/1980 09:00,     920.000
30/05/1980 09:00,     920.000
31/05/1980 09:00,    1040.000
01/06/1980 09:00,    1040.000
02/06/1980 09:00,    1050.000
03/06/1980 09:00,    1060.000
04/06/1980 09:00,    1060.000
05/06/1980 09:00,     380.000
06/06/1980 09:00,     390.000
07/06/1980 09:00,     400.000
08/06/1980 09:00,    2510.000
09/06/1980 09:00,    2990.000
10/06/1980 09:00,    2360.000
11/06/1980 09:00,    2350.000
12/06/1980 09:00,    1230.000
13/06/1980 09:00,    1230.000
14/06/1980 09:00,     680.000
15/06/1980 09:00,    1250.000
16/06/1980 09:00,    1260.000
17/06/1980 09:00,    1540.000
18/06/1980 09:00,    2140.000
19/06/1980 09:00,    2140.000
20/06/1980 09:00,    2140.000
21/06/1980 09:00,     800.000
22/06/1980 09:00,     790.000
23/06/1980 09:00,     790.000
24/06/1980 09:00,     790.000
25/06/1980 09:00,     830.000
26/06/1980 09:00,     840.000
27/06/1980 09:00,    1820.000
28/06/1980 09:00,    1530.000
29/06/1980 09:00,    1520.000
30/06/1980 09:00,    1540.000
01/07/1980 09:00,    1550.000
02/07/1980 09:00,    1610.000
03/07/1980 09:00,    1580.000
04/07/1980 09:00,     960.000
05/07/1980 09:00,     970.000
06/07/1980 09:00,     970.000
07/07/1980 09:00,     970.000
08/07/1980 09:00,     680.000
09/07/1980 09:00,     550.000
10/07/1980 09:00,     550.000
11/07/1980 09:00,     550.000
12/07/1980 09:00,     550.000
13/07/1980 09:00,     560.000
14/07/1980 09:00,     550.000
15/07/1980 09:00,     540.000
16/07/1980 09:00,     960.000
17/07/1980 09:00,     980.000
18/07/1980 09:00,    1650.000
19/07/1980 09:00,     670.000
20/07/1980 09:00,     670.000
21/07/1980 09:00,     670.000
22/07/1980 09:00,     640.000
23/07/1980 09:00,     640.000
24/07/1980 09:00,     650.000
25/07/1980 09:00,     650.000
26/07/1980 09:00,     660.000
27/07/1980 09:00,     670.000
28/07/1980 09:00,     670.000
29/07/1980 09:00,    1260.000
30/07/1980 09:00,    1540.000
31/07/1980 09:00,    1240.000
01/08/1980 09:00,    1780.000
02/08/1980 09:00,    2940.000
03/08/1980 09:00,    2980.000
04/08/1980 09:00,    2980.000
05/08/1980 09:00,    3050.000
06/08/1980 09:00,    1320.000
07/08/1980 09:00,    1360.000
08/08/1980 09:00,    1340.000
09/08/1980 09:00,    1330.000
10/08/1980 09:00,    1290.000
11/08/1980 09:00,    1280.000
12/08/1980 09:00,    3490.000
13/08/1980 09:00,    3410.000
14/08/1980 09:00,    3600.000
15/08/1980 09:00,    3530.000
16/08/1980 09:00,    3500.000
17/08/1980 09:00,    3430.000
18/08/1980 09:00,    3390.000
19/08/1980 09:00,    3390.000
20/08/1980 09:00,    3370.000
21/08/1980 09:00,    3320.000
22/08/1980 09:00,    3430.000
23/08/1980 09:00,    3450.000
24/08/1980 09:00,     270.000
25/08/1980 09:00,     240.000
26/08/1980 09:00,     270.000
27/08/1980 09:00,     270.000
28/08/1980 09:00,     260.000
29/08/1980 09:00,     260.000
30/08/1980 09:00,     280.000
31/08/1980 09:00,    3890.000
01/09/1980 09:00,    3890.000
02/09/1980 09:00,    3910.000
03/09/1980 09:00,    3960.000
04/09/1980 09:00,    4000.000
05/09/1980 09:00,    3990.000
06/09/1980 09:00,    3990.000
07/09/1980 09:00,    3980.000
08/09/1980 09:00,    3970.000
09/09/1980 09:00,    3900.000
10/09/1980 09:00,    3910.000
11/09/1980 09:00,    3980.000
12/09/1980 09:00,    4020.000
13/09/1980 09:00,    3650.000
14/09/1980 09:00,    3670.000
15/09/1980 09:00,    3630.000
16/09/1980 09:00,    3650.000
17/09/1980 09:00,    3680.000
18/09/1980 09:00,    2170.000
19/09/1980 09:00,    2060.000
20/09/1980 09:00,    2090.000
21/09/1980 09:00,    2100.000
22/09/1980 09:00,    2110.000
23/09/1980 09:00,    2730.000
24/09/1980 09:00,    3390.000
25/09/1980 09:00,    3350.000
26/09/1980 09:00,    3990.000
27/09/1980 09:00,    3990.000
28/09/1980 09:00,    3690.000
29/09/1980 09:00,    3690.000
30/09/1980 09:00,    3350.000
01/10/1980 09:00,    3950.000
02/10/1980 09:00,    3950.000
03/10/1980 09:00,    3940.000
04/10/1980 09:00,    3930.000
05/10/1980 09:00,    3910.000
06/10/1980 09:00,    3630.000
07/10/1980 09:00,    3260.000
08/10/1980 09:00,    3280.000
09/10/1980 09:00,    3620.000
10/10/1980 09:00,    3590.000
11/10/1980 09:00,    3580.000
12/10/1980 09:00,    3570.000
13/10/1980 09:00,    3270.000
14/10/1980 09:00,    3270.000
15/10/1980 09:00,    3580.000
16/10/1980 09:00,    3570.000
17/10/1980 09:00,    3560.000
18/10/1980 09:00,    3710.000
19/10/1980 09:00,    3690.000
20/10/1980 09:00,    3700.000
21/10/1980 09:00,    4190.000
22/10/1980 09:00,    5420.000
23/10/1980 09:00,    4680.000
24/10/1980 09:00,    3180.000
25/10/1980 09:00,    1260.000
26/10/1980 09:00,    1250.000
27/10/1980 09:00,    1250.000
28/10/1980 09:00,    1230.000
29/10/1980 09:00,    1240.000
30/10/1980 09:00,    1960.000
31/10/1980 09:00,    1390.000
01/11/1980 09:00,    1380.000
02/11/1980 09:00,    1380.000
03/11/1980 09:00,    1120.000
04/11/1980 09:00,    1140.000
05/11/1980 09:00,     880.000
06/11/1980 09:00,     880.000
07/11/1980 09:00,     880.000
08/11/1980 09:00,     880.000
09/11/1980 09:00,     890.000
10/11/1980 09:00,     880.000
11/11/1980 09:00,     880.000
12/11/1980 09:00,     870.000
13/11/1980 09:00,     880.000
14/11/1980 09:00,    1130.000
15/11/1980 09:00,    2670.000
16/11/1980 09:00,    3780.000
17/11/1980 09:00,    3760.000
18/11/1980 09:00,    3760.000
19/11/1980 09:00,    3730.000
20/11/1980 09:00,    3740.000
21/11/1980 09:00,    3730.000
22/11/1980 09:00,    3720.000
23/11/1980 09:00,    3710.000
24/11/1980 09:00,    3380.000
25/11/1980 09:00,    3400.000
26/11/1980 09:00,    3430.000
27/11/1980 09:00,    2800.000
28/11/1980 09:00,    2790.000
29/11/1980 09:00,    2180.000
30/11/1980 09:00,    2180.000
01/12/1980 09:00,    2780.000
02/12/1980 09:00,    2780.000
03/12/1980 09:00,    3320.000
04/12/1980 09:00,    3310.000
05/12/1980 09:00,    3570.000
06/12/1980 09:00,    2700.000
07/12/1980 09:00,    2690.000
08/12/1980 09:00,    2080.000
09/12/1980 09:00,     800.000
10/12/1980 09:00,     800.000
11/12/1980 09:00,     820.000
12/12/1980 09:00,    3200.000
13/12/1980 09:00,    3190.000
14/12/1980 09:00,    3150.000
15/12/1980 09:00,    1250.000
16/12/1980 09:00,    1240.000
17/12/1980 09:00,    1250.000
18/12/1980 09:00,    1240.000
19/12/1980 09:00,    1240.000
20/12/1980 09:00,     240.000
21/12/1980 09:00,     240.000
22/12/1980 09:00,     230.000
23/12/1980 09:00,     240.000
24/12/1980 09:00,     250.000
25/12/1980 09:00,     243.000
26/12/1980 09:00,    1000.000
27/12/1980 09:00,     990.000
28/12/1980 09:00,    1500.000
29/12/1980 09:00,    1480.000
30/12/1980 09:00,    1476.000
31/12/1980 09:00,    1466.000
01/01/1981 09:00,     240.000
06/01/1981 09:00,     240.000
07/01/1981 09:00,     970.000
08/01/1981 09:00,     980.000
09/01/1981 09:00,    1240.000
10/01/1981 09:00,    1490.000
11/01/1981 09:00,    1480.000
12/01/1981 09:00,    1480.000
13/01/1981 09:00,    2290.000
14/01/1981 09:00,    3130.000
15/01/1981 09:00,    3680.000
16/01/1981 09:00,    3670.000
17/01/1981 09:00,    3320.000
18/01/1981 09:00,    3310.000
19/01/1981 09:00,    3070.000
20/01/1981 09:00,    2820.000
21/01/1981 09:00,    3030.000
22/01/1981 09:00,    2770.000
23/01/1981 09:00,    2760.000
24/01/1981 09:00,    2760.000
25/01/1981 09:00,    2760.000
26/01/1981 09:00,    2740.000
27/01/1981 09:00,    1660.000
28/01/1981 09:00,    1700.000
29/01/1981 09:00,    2450.000
30/01/1981 09:00,    2650.000
31/01/1981 09:00,    2130.000
01/02/1981 09:00,    1650.000
02/02/1981 09:00,    1660.000
03/02/1981 09:00,    1880.000
04/02/1981 09:00,    1870.000
05/02/1981 09:00,    1850.000
06/02/1981 09:00,    1850.000
07/02/1981 09:00,     960.000
08/02/1981 09:00,       0.000
09/02/1981 09:00,       0.000
10/02/1981 09:00,       0.000
11/02/1981 09:00,     930.000
12/02/1981 09:00,    1370.000
13/02/1981 09:00,    2130.000
14/02/1981 09:00,    2880.000
15/02/1981 09:00,    3200.000
16/02/1981 09:00,    3190.000
17/02/1981 09:00,    3420.000
18/02/1981 09:00,    3670.000
19/02/1981 09:00,    3350.000
20/02/1981 09:00,    2520.000
21/02/1981 09:00,    1830.000
22/02/1981 09:00,    1350.000
23/02/1981 09:00,     870.000
24/02/1981 09:00,     880.000
25/02/1981 09:00,    1130.000
26/02/1981 09:00,    2810.000
27/02/1981 09:00,    2800.000
28/02/1981 09:00,    2800.000
01/03/1981 09:00,    2330.000
02/03/1981 09:00,    3130.000
03/03/1981 09:00,    3110.000
04/03/1981 09:00,    3360.000
05/03/1981 09:00,    3360.000
06/03/1981 09:00,    3600.000
07/03/1981 09:00,    4290.000
08/03/1981 09:00,    4890.000
09/03/1981 09:00,    4840.000
10/03/1981 09:00,    2800.000
11/03/1981 09:00,    2540.000
12/03/1981 09:00,    2790.000
13/03/1981 09:00,    3810.000
14/03/1981 09:00,    4370.000
15/03/1981 09:00,    4890.000
16/03/1981 09:00,    5110.000
17/03/1981 09:00,    5090.000
18/03/1981 09:00,    5050.000
19/03/1981 09:00,    4540.000
20/03/1981 09:00,    4520.000
21/03/1981 09:00,    4520.000
22/03/1981 09:00,    4510.000
23/03/1981 09:00,    3970.000
24/03/1981 09:00,    3640.000
25/03/1981 09:00,    2910.000
26/03/1981 09:00,    3380.000
27/03/1981 09:00,    4430.000
28/03/1981 09:00,    5230.000
29/03/1981 09:00,    5320.000
30/03/1981 09:00,    5640.000
31/03/1981 09:00,    4060.000
01/04/1981 09:00,    1710.000
02/04/1981 09:00,    1890.000
03/04/1981 09:00,    1980.000
04/04/1981 09:00,    1950.000
05/04/1981 09:00,    1500.000
06/04/1981 09:00,    1320.000
07/04/1981 09:00,    1060.000
08/04/1981 09:00,     210.000
09/04/1981 09:00,     200.000
10/04/1981 09:00,     220.000
11/04/1981 09:00,     230.000
12/04/1981 09:00,    4390.000
13/04/1981 09:00,    4650.000
14/04/1981 09:00,    4900.000
15/04/1981 09:00,    4900.000
16/04/1981 09:00,    4520.000
17/04/1981 09:00,    3753.000
18/04/1981 09:00,    3763.000
19/04/1981 09:00,     510.000
20/04/1981 09:00,     520.000
21/04/1981 09:00,     520.000
22/04/1981 09:00,     530.000
23/04/1981 09:00,    1820.000
24/04/1981 09:00,    4340.000
25/04/1981 09:00,    5520.000
26/04/1981 09:00,    5570.000
27/04/1981 09:00,    5580.000
28/04/1981 09:00,    3860.000
29/04/1981 09:00,    2560.000
30/04/1981 09:00,    2920.000
01/05/1981 09:00,    1020.000
02/05/1981 09:00,    1040.000
03/05/1981 09:00,    1470.000
04/05/1981 09:00,     240.000
05/05/1981 09:00,       0.000
06/05/1981 09:00,       0.000
07/05/1981 09:00,     480.000
08/05/1981 09:00,     480.000
09/05/1981 09:00,    1020.000
10/05/1981 09:00,    1490.000
11/05/1981 09:00,    1240.000
12/05/1981 09:00,    1020.000
13/05/1981 09:00,     480.000
14/05/1981 09:00,    1020.000
15/05/1981 09:00,    1240.000
16/05/1981 09:00,    1470.000
17/05/1981 09:00,    1480.000
18/05/1981 09:00,    1490.000
19/05/1981 09:00,    1470.000
20/05/1981 09:00,    1260.000
21/05/1981 09:00,    1050.000
22/05/1981 09:00,    1050.000
23/05/1981 09:00,    1490.000
24/05/1981 09:00,    1500.000
25/05/1981 09:00,    1050.000
26/05/1981 09:00,    1030.000
27/05/1981 09:00,    1840.000
28/05/1981 09:00,    1820.000
29/05/1981 09:00,    1750.000
30/05/1981 09:00,    1750.000
31/05/1981 09:00,    1070.000
01/06/1981 09:00,     900.000
02/06/1981 09:00,     510.000
03/06/1981 09:00,       0.000
04/06/1981 09:00,       0.000
05/06/1981 09:00,     270.000
06/06/1981 09:00,     950.000
07/06/1981 09:00,    1630.000
08/06/1981 09:00,    2240.000
09/06/1981 09:00,    2240.000
10/06/1981 09:00,    1940.000
11/06/1981 09:00,    1610.000
12/06/1981 09:00,    1350.000
13/06/1981 09:00,    1660.000
14/06/1981 09:00,    1670.000
15/06/1981 09:00,    1680.000
16/06/1981 09:00,    1680.000
17/06/1981 09:00,    1670.000
18/06/1981 09:00,     530.000
19/06/1981 09:00,     280.000
20/06/1981 09:00,     280.000
21/06/1981 09:00,     280.000
22/06/1981 09:00,     550.000
23/06/1981 09:00,     560.000
24/06/1981 09:00,     560.000
25/06/1981 09:00,    1090.000
26/06/1981 09:00,    1070.000
27/06/1981 09:00,    2230.000
28/06/1981 09:00,    2240.000
29/06/1981 09:00,    2230.000
30/06/1981 09:00,    3370.000
01/07/1981 09:00,    3360.000
02/07/1981 09:00,    3320.000
03/07/1981 09:00,    3200.000
04/07/1981 09:00,    4890.000
05/07/1981 09:00,    4870.000
06/07/1981 09:00,    4850.000
07/07/1981 09:00,    4840.000
08/07/1981 09:00,    4690.000
09/07/1981 09:00,    2460.000
10/07/1981 09:00,    2440.000
11/07/1981 09:00,    2410.000
12/07/1981 09:00,    2370.000
13/07/1981 09:00,    2360.000
14/07/1981 09:00,     460.000
15/07/1981 09:00,     460.000
16/07/1981 09:00,     460.000
17/07/1981 09:00,     450.000
18/07/1981 09:00,     450.000
19/07/1981 09:00,     440.000
20/07/1981 09:00,     440.000
21/07/1981 09:00,     430.000
25/07/1981 09:00,     430.000
26/07/1981 09:00,     420.000
27/07/1981 09:00,     420.000
28/07/1981 09:00,     420.000
29/07/1981 09:00,     410.000
30/07/1981 09:00,     420.000
31/07/1981 09:00,     410.000
01/08/1981 09:00,     410.000
02/08/1981 09:00,     410.000
03/08/1981 09:00,     410.000
04/08/1981 09:00,     400.000
05/08/1981 09:00,     400.000
06/08/1981 09:00,     400.000
07/08/1981 09:00,     400.000
08/08/1981 09:00,     390.000
09/08/1981 09:00,     390.000
10/08/1981 09:00,     390.000
11/08/1981 09:00,     390.000
12/08/1981 09:00,    4580.000
13/08/1981 09:00,    5100.000
14/08/1981 09:00,    5050.000
15/08/1981 09:00,       0.000
26/08/1981 09:00,       0.000
27/08/1981 09:00,    5760.000
28/08/1981 09:00,    5680.000
29/08/1981 09:00,    5640.000
30/08/1981 09:00,    5580.000
31/08/1981 09:00,    5530.000
01/09/1981 09:00,    5530.000
02/09/1981 09:00,    5350.000
03/09/1981 09:00,    5350.000
04/09/1981 09:00,    5250.000
05/09/1981 09:00,    5150.000
06/09/1981 09:00,    5010.000
07/09/1981 09:00,    4910.000
08/09/1981 09:00,    4810.000
09/09/1981 09:00,    4700.000
10/09/1981 09:00,    4610.000
11/09/1981 09:00,    4450.000
12/09/1981 09:00,    4390.000
13/09/1981 09:00,    4290.000
14/09/1981 09:00,    4190.000
15/09/1981 09:00,    4090.000
16/09/1981 09:00,    4000.000
17/09/1981 09:00,    3930.000
18/09/1981 09:00,    3800.000
19/09/1981 09:00,    3690.000
20/09/1981 09:00,    3630.000
21/09/1981 09:00,    3540.000
22/09/1981 09:00,       0.000
08/10/1981 09:00,       0.000
09/10/1981 09:00,    1300.000
10/10/1981 09:00,    1730.000
11/10/1981 09:00,    1720.000
12/10/1981 09:00,    1710.000
13/10/1981 09:00,       0.000
19/10/1981 09:00,       0.000
20/10/1981 09:00,    2180.000
21/10/1981 09:00,    2190.000
22/10/1981 09:00,       0.000
23/10/1981 09:00,    2170.000
24/10/1981 09:00,    2730.000
25/10/1981 09:00,       0.000
26/10/1981 09:00,       0.000
27/10/1981 09:00,       0.000
28/10/1981 09:00,       0.000
29/10/1981 09:00,    2910.000
30/10/1981 09:00,    2950.000
31/10/1981 09:00,    2990.000
01/11/1981 09:00,    3040.000
02/11/1981 09:00,    3090.000
03/11/1981 09:00,       0.000
23/11/1981 09:00,       0.000
24/11/1981 09:00,     540.000
25/11/1981 09:00,     540.000
26/11/1981 09:00,     550.000
27/11/1981 09:00,     840.000
28/11/1981 09:00,     850.000
29/11/1981 09:00,     860.000
30/11/1981 09:00,     850.000
01/12/1981 09:00,    2200.000
02/12/1981 09:00,    2200.000
03/12/1981 09:00,    2210.000
04/12/1981 09:00,    2240.000
05/12/1981 09:00,    2250.000
06/12/1981 09:00,    2300.000
07/12/1981 09:00,    2300.000
08/12/1981 09:00,    2330.000
09/12/1981 09:00,    2280.000
10/12/1981 09:00,    2280.000
11/12/1981 09:00,     890.000
12/12/1981 09:00,     880.000
13/12/1981 09:00,     910.000
14/12/1981 09:00,    1740.000
15/12/1981 09:00,    1700.000
16/12/1981 09:00,     820.000
17/12/1981 09:00,     820.000
18/12/1981 09:00,    2240.000
19/12/1981 09:00,    2240.000
20/12/1981 09:00,    3420.000
21/12/1981 09:00,    4900.000
22/12/1981 09:00,    5540.000
23/12/1981 09:00,    5520.000
24/12/1981 09:00,    6800.000
25/12/1981 09:00,    7480.000
26/12/1981 09:00,    6760.000
27/12/1981 09:00,    5750.000
28/12/1981 09:00,    5410.000
29/12/1981 09:00,    4650.000
30/12/1981 09:00,    3660.000
31/12/1981 09:00,    1580.000
01/01/1982 09:00,    1590.000
02/01/1982 09:00,    3860.000
03/01/1982 09:00,    4560.000
04/01/1982 09:00,    3030.000
05/01/1982 09:00,    1530.000
06/01/1982 09:00,    1030.000
07/01/1982 09:00,    2310.000
08/01/1982 09:00,    4270.000
09/01/1982 09:00,    3660.000
10/01/1982 09:00,    1530.000
11/01/1982 09:00,     810.000
12/01/1982 09:00,    1570.000
13/01/1982 09:00,    2790.000
14/01/1982 09:00,    3250.000
15/01/1982 09:00,    3210.000
16/01/1982 09:00,    2950.000
17/01/1982 09:00,    2950.000
18/01/1982 09:00,    2950.000
19/01/1982 09:00,    2930.000
20/01/1982 09:00,    2910.000
21/01/1982 09:00,    1960.000
22/01/1982 09:00,    1950.000
23/01/1982 09:00,    2460.000
24/01/1982 09:00,    2910.000
25/01/1982 09:00,    3420.000
26/01/1982 09:00,    3400.000
27/01/1982 09:00,    2370.000
28/01/1982 09:00,     230.000
29/01/1982 09:00,     480.000
30/01/1982 09:00,    4880.000
31/01/1982 09:00,    6740.000
01/02/1982 09:00,    7260.000
02/02/1982 09:00,    6260.000
03/02/1982 09:00,    4120.000
04/02/1982 09:00,    3680.000
05/02/1982 09:00,    2530.000
06/02/1982 09:00,    1410.000
07/02/1982 09:00,      20.700
08/02/1982 09:00,      20.600
09/02/1982 09:00,      20.600
10/02/1982 09:00,      20.600
11/02/1982 09:00,      20.600
12/02/1982 09:00,      20.600
13/02/1982 09:00,      20.600
14/02/1982 09:00,     710.000
15/02/1982 09:00,     710.000
16/02/1982 09:00,     700.000
17/02/1982 09:00,    1380.000
18/02/1982 09:00,    2960.000
19/02/1982 09:00,    3560.000
20/02/1982 09:00,    2920.000
21/02/1982 09:00,    2910.000
22/02/1982 09:00,    2880.000
23/02/1982 09:00,    2040.000
24/02/1982 09:00,    1490.000
25/02/1982 09:00,    1820.000
26/02/1982 09:00,    2170.000
27/02/1982 09:00,    1950.000
28/02/1982 09:00,    2420.000
01/03/1982 09:00,    1750.000
02/03/1982 09:00,    1100.000
03/03/1982 09:00,     710.000
04/03/1982 09:00,    2210.000
05/03/1982 09:00,    1880.000
06/03/1982 09:00,    1580.000
07/03/1982 09:00,    1580.000
08/03/1982 09:00,    1760.000
09/03/1982 09:00,    1530.000
10/03/1982 09:00,    1120.000
11/03/1982 09:00,    1120.000
12/03/1982 09:00,    1120.000
13/03/1982 09:00,    1120.000
14/03/1982 09:00,    1550.000
15/03/1982 09:00,    1740.000
16/03/1982 09:00,    1730.000
17/03/1982 09:00,    2590.000
18/03/1982 09:00,    3230.000
19/03/1982 09:00,    3400.000
20/03/1982 09:00,    3170.000
21/03/1982 09:00,    2530.000
22/03/1982 09:00,    2740.000
23/03/1982 09:00,    3030.000
24/03/1982 09:00,    3080.000
25/03/1982 09:00,    3060.000
26/03/1982 09:00,    2890.000
27/03/1982 09:00,    3110.000
28/03/1982 09:00,    3220.000
29/03/1982 09:00,    3030.000
30/03/1982 09:00,    3020.000
31/03/1982 09:00,    3100.000
01/04/1982 09:00,    2840.000
02/04/1982 09:00,     910.000
03/04/1982 09:00,     720.000
04/04/1982 09:00,     210.000
05/04/1982 09:00,    1090.000
06/04/1982 09:00,    1090.000
07/04/1982 09:00,    1310.000
08/04/1982 09:00,    1290.000
09/04/1982 09:00,    1530.000
10/04/1982 09:00,    1090.000
11/04/1982 09:00,    1100.000
12/04/1982 09:00,    1100.000
13/04/1982 09:00,    1330.000
14/04/1982 09:00,    1860.000
15/04/1982 09:00,    1640.000
16/04/1982 09:00,    1660.000
17/04/1982 09:00,    1500.000
18/04/1982 09:00,    1500.000
19/04/1982 09:00,    1100.000
20/04/1982 09:00,    1100.000
21/04/1982 09:00,     920.000
22/04/1982 09:00,    2470.000
23/04/1982 09:00,    2080.000
24/04/1982 09:00,    2270.000
25/04/1982 09:00,    2240.000
26/04/1982 09:00,    1770.000
27/04/1982 09:00,     420.000
28/04/1982 09:00,     420.000
29/04/1982 09:00,    1810.000
30/04/1982 09:00,     730.000
01/05/1982 09:00,    1090.000
02/05/1982 09:00,     970.000
03/05/1982 09:00,    1300.000
04/05/1982 09:00,     950.000
05/05/1982 09:00,    1310.000
06/05/1982 09:00,    1280.000
07/05/1982 09:00,     850.000
08/05/1982 09:00,    1130.000
09/05/1982 09:00,    1090.000
10/05/1982 09:00,     970.000
11/05/1982 09:00,     980.000
12/05/1982 09:00,     840.000
13/05/1982 09:00,     860.000
14/05/1982 09:00,    1250.000
15/05/1982 09:00,     910.000
16/05/1982 09:00,    1960.000
17/05/1982 09:00,     250.000
18/05/1982 09:00,    1590.000
19/05/1982 09:00,     880.000
20/05/1982 09:00,    1200.000
21/05/1982 09:00,    1200.000
22/05/1982 09:00,    1210.000
23/05/1982 09:00,    1420.000
24/05/1982 09:00,    1430.000
25/05/1982 09:00,    1430.000
26/05/1982 09:00,    1430.000
27/05/1982 09:00,    1040.000
28/05/1982 09:00,    1050.000
29/05/1982 09:00,     930.000
30/05/1982 09:00,    1060.000
31/05/1982 09:00,    1210.000
01/06/1982 09:00,    1020.000
02/06/1982 09:00,    1030.000
03/06/1982 09:00,    1040.000
04/06/1982 09:00,    1070.000
05/06/1982 09:00,    1080.000
06/06/1982 09:00,    1080.000
07/06/1982 09:00,    1090.000
08/06/1982 09:00,    1170.000
09/06/1982 09:00,    1170.000
10/06/1982 09:00,    1180.000
11/06/1982 09:00,    1090.000
12/06/1982 09:00,     930.000
13/06/1982 09:00,     940.000
14/06/1982 09:00,    1030.000
15/06/1982 09:00,    1440.000
16/06/1982 09:00,    1220.000
17/06/1982 09:00,    1050.000
18/06/1982 09:00,    1130.000
19/06/1982 09:00,    1140.000
20/06/1982 09:00,    1270.000
21/06/1982 09:00,    1150.000
22/06/1982 09:00,    1150.000
23/06/1982 09:00,    1150.000
24/06/1982 09:00,    1150.000
25/06/1982 09:00,     540.000
26/06/1982 09:00,     540.000
27/06/1982 09:00,    1590.000
28/06/1982 09:00,    1370.000
29/06/1982 09:00,    1370.000
30/06/1982 09:00,    1380.000
01/07/1982 09:00,    1370.000
02/07/1982 09:00,    1150.000
03/07/1982 09:00,     910.000
04/07/1982 09:00,     540.000
05/07/1982 09:00,     550.000
06/07/1982 09:00,    1070.000
07/07/1982 09:00,    1070.000
08/07/1982 09:00,    1080.000
09/07/1982 09:00,    1610.000
10/07/1982 09:00,    1150.000
11/07/1982 09:00,    1160.000
12/07/1982 09:00,    1470.000
13/07/1982 09:00,    1170.000
14/07/1982 09:00,    1910.000
15/07/1982 09:00,    1900.000
16/07/1982 09:00,    1640.000
17/07/1982 09:00,    1650.000
18/07/1982 09:00,    1630.000
19/07/1982 09:00,    1640.000
20/07/1982 09:00,    1630.000
21/07/1982 09:00,    1910.000
22/07/1982 09:00,    1910.000
23/07/1982 09:00,    1901.000
24/07/1982 09:00,    1270.000
25/07/1982 09:00,    1280.000
26/07/1982 09:00,    1170.000
27/07/1982 09:00,    1170.000
28/07/1982 09:00,    1170.000
29/07/1982 09:00,    1160.000
30/07/1982 09:00,    1480.000
31/07/1982 09:00,    1290.000
01/08/1982 09:00,    1040.000
02/08/1982 09:00,     670.000
06/08/1982 09:00,     670.000
07/08/1982 09:00,     930.000
08/08/1982 09:00,    1210.000
09/08/1982 09:00,     800.000
10/08/1982 09:00,    1060.000
11/08/1982 09:00,    1060.000
12/08/1982 09:00,    1060.000
13/08/1982 09:00,    1060.000
14/08/1982 09:00,    1360.000
15/08/1982 09:00,     790.000
16/08/1982 09:00,     790.000
17/08/1982 09:00,     790.000
18/08/1982 09:00,    1350.000
19/08/1982 09:00,    2340.000
20/08/1982 09:00,    3330.000
21/08/1982 09:00,    3090.000
22/08/1982 09:00,    3080.000
23/08/1982 09:00,    2850.000
24/08/1982 09:00,    2070.000
25/08/1982 09:00,    2070.000
26/08/1982 09:00,    2060.000
27/08/1982 09:00,    2060.000
28/08/1982 09:00,    2810.000
29/08/1982 09:00,    3330.000
30/08/1982 09:00,    3300.000
31/08/1982 09:00,    2690.000
01/09/1982 09:00,    2910.000
02/09/1982 09:00,    3640.000
03/09/1982 09:00,    3970.000
04/09/1982 09:00,    3490.000
05/09/1982 09:00,    2980.000
06/09/1982 09:00,    2000.000
07/09/1982 09:00,    1370.000
08/09/1982 09:00,    1610.000
09/09/1982 09:00,    1610.000
10/09/1982 09:00,    1880.000
11/09/1982 09:00,    2010.000
12/09/1982 09:00,    2230.000
13/09/1982 09:00,    2100.000
14/09/1982 09:00,    2100.000
15/09/1982 09:00,    1230.000
16/09/1982 09:00,     100.000
17/09/1982 09:00,    1720.000
18/09/1982 09:00,    1280.000
19/09/1982 09:00,    1280.000
20/09/1982 09:00,    1280.000
21/09/1982 09:00,    1510.000
25/09/1982 09:00,    1510.000
26/09/1982 09:00,    1290.000
27/09/1982 09:00,    1280.000
28/09/1982 09:00,    1280.000
29/09/1982 09:00,    1070.000
30/09/1982 09:00,    1070.000
01/10/1982 09:00,     760.000
02/10/1982 09:00,     760.000
03/10/1982 09:00,     760.000
04/10/1982 09:00,    1250.000
05/10/1982 09:00,    1250.000
06/10/1982 09:00,     980.000
07/10/1982 09:00,     860.000
08/10/1982 09:00,     860.000
09/10/1982 09:00,    1240.000
10/10/1982 09:00,    1360.000
11/10/1982 09:00,    1360.000
12/10/1982 09:00,     610.000
13/10/1982 09:00,     490.000
14/10/1982 09:00,     610.000
15/10/1982 09:00,    1370.000
16/10/1982 09:00,    3130.000
17/10/1982 09:00,    3360.000
18/10/1982 09:00,    3710.000
19/10/1982 09:00,    3570.000
20/10/1982 09:00,    4270.000
21/10/1982 09:00,    5370.000
22/10/1982 09:00,    5160.000
23/10/1982 09:00,    4330.000
24/10/1982 09:00,    3640.000
25/10/1982 09:00,    3580.000
26/10/1982 09:00,    3540.000
27/10/1982 09:00,    3520.000
28/10/1982 09:00,    3520.000
29/10/1982 09:00,    4610.000
30/10/1982 09:00,    3760.000
31/10/1982 09:00,    3590.000
01/11/1982 09:00,    3810.000
02/11/1982 09:00,    4010.000
03/11/1982 09:00,    4000.000
04/11/1982 09:00,    3990.000
05/11/1982 09:00,    3220.000
06/11/1982 09:00,    3210.000
07/11/1982 09:00,    3220.000
08/11/1982 09:00,    3510.000
09/11/1982 09:00,    4260.000
10/11/1982 09:00,    4480.000
11/11/1982 09:00,    4220.000
12/11/1982 09:00,    4240.000
13/11/1982 09:00,    3590.000
14/11/1982 09:00,    3580.000
15/11/1982 09:00,    3580.000
16/11/1982 09:00,    3970.000
17/11/1982 09:00,    4170.000
18/11/1982 09:00,    5520.000
19/11/1982 09:00,    5870.000
20/11/1982 09:00,    5830.000
21/11/1982 09:00,    5770.000
22/11/1982 09:00,    4890.000
23/11/1982 09:00,    4080.000
24/11/1982 09:00,    4080.000
25/11/1982 09:00,    4050.000
26/11/1982 09:00,    4870.000
27/11/1982 09:00,    5200.000
28/11/1982 09:00,    5360.000
29/11/1982 09:00,    5310.000
30/11/1982 09:00,    2360.000
01/12/1982 09:00,    4120.000
02/12/1982 09:00,    6310.000
03/12/1982 09:00,    3450.000
04/12/1982 09:00,    5850.000
05/12/1982 09:00,    5680.000
06/12/1982 09:00,    5150.000
07/12/1982 09:00,    4320.000
08/12/1982 09:00,    3970.000
09/12/1982 09:00,    3960.000
10/12/1982 09:00,    4020.000
11/12/1982 09:00,    5040.000
12/12/1982 09:00,    5040.000
13/12/1982 09:00,    5050.000
14/12/1982 09:00,    5020.000
15/12/1982 09:00,    5020.000
16/12/1982 09:00,    4580.000
17/12/1982 09:00,    4390.000
18/12/1982 09:00,    3790.000
19/12/1982 09:00,    3790.000
20/12/1982 09:00,    3790.000
21/12/1982 09:00,    3720.000
22/12/1982 09:00,    3740.000
23/12/1982 09:00,    3410.000
24/12/1982 09:00,    3450.000
25/12/1982 09:00,    3500.000
26/12/1982 09:00,    2910.000
27/12/1982 09:00,    2910.000
28/12/1982 09:00,     290.000
29/12/1982 09:00,    2450.000
30/12/1982 09:00,    1030.000
31/12/1982 09:00,    1240.000
01/01/1983 09:00,     970.000
02/01/1983 09:00,     960.000
03/01/1983 09:00,     968.000
04/01/1983 09:00,     870.000
05/01/1983 09:00,     870.000
06/01/1983 09:00,     880.000
07/01/1983 09:00,     900.000
08/01/1983 09:00,    1000.000
09/01/1983 09:00,     910.000
10/01/1983 09:00,    1100.000
11/01/1983 09:00,    1100.000
12/01/1983 09:00,    1100.000
13/01/1983 09:00,     890.000
14/01/1983 09:00,     900.000
15/01/1983 09:00,     800.000
16/01/1983 09:00,     910.000
17/01/1983 09:00,    1220.000
18/01/1983 09:00,    1650.000
19/01/1983 09:00,    1450.000
20/01/1983 09:00,    1450.000
21/01/1983 09:00,    1460.000
22/01/1983 09:00,    1480.000
23/01/1983 09:00,    1560.000
24/01/1983 09:00,    2020.000
25/01/1983 09:00,    2590.000
26/01/1983 09:00,    3930.000
27/01/1983 09:00,    3180.000
28/01/1983 09:00,    3100.000
29/01/1983 09:00,    3120.000
30/01/1983 09:00,    3100.000
31/01/1983 09:00,    3100.000
01/02/1983 09:00,    3110.000
02/02/1983 09:00,    2930.000
03/02/1983 09:00,    2920.000
04/02/1983 09:00,    3380.000
05/02/1983 09:00,    3380.000
06/02/1983 09:00,    3300.000
07/02/1983 09:00,    3170.000
08/02/1983 09:00,    3180.000
09/02/1983 09:00,    3530.000
10/02/1983 09:00,    3720.000
11/02/1983 09:00,    4170.000
12/02/1983 09:00,    4120.000
13/02/1983 09:00,    3990.000
14/02/1983 09:00,    3390.000
15/02/1983 09:00,    3410.000
16/02/1983 09:00,    3040.000
17/02/1983 09:00,    3400.000
18/02/1983 09:00,    4120.000
19/02/1983 09:00,    5320.000
20/02/1983 09:00,    5540.000
21/02/1983 09:00,    1700.000
22/02/1983 09:00,     610.000
23/02/1983 09:00,     620.000
24/02/1983 09:00,    1450.000
25/02/1983 09:00,    3000.000
26/02/1983 09:00,    1780.000
27/02/1983 09:00,     630.000
28/02/1983 09:00,     640.000
01/03/1983 09:00,     630.000
02/03/1983 09:00,     630.000
03/03/1983 09:00,     620.000
04/03/1983 09:00,    1690.000
05/03/1983 09:00,    3030.000
06/03/1983 09:00,    2620.000
07/03/1983 09:00,    2620.000
08/03/1983 09:00,    3950.000
09/03/1983 09:00,    5120.000
10/03/1983 09:00,    4620.000
11/03/1983 09:00,    3960.000
12/03/1983 09:00,    3600.000
13/03/1983 09:00,    3340.000
14/03/1983 09:00,    2830.000
15/03/1983 09:00,    2680.000
16/03/1983 09:00,    2530.000
17/03/1983 09:00,    2900.000
18/03/1983 09:00,    3400.000
19/03/1983 09:00,    4730.000
20/03/1983 09:00,    5100.000
21/03/1983 09:00,    5080.000
22/03/1983 09:00,    5280.000
23/03/1983 09:00,    5370.000
24/03/1983 09:00,    4730.000
25/03/1983 09:00,    4710.000
26/03/1983 09:00,    4110.000
27/03/1983 09:00,    4100.000
28/03/1983 09:00,    4380.000
29/03/1983 09:00,    5370.000
30/03/1983 09:00,    5400.000
31/03/1983 09:00,    5410.000
01/04/1983 09:00,    4240.000
02/04/1983 09:00,    2610.000
03/04/1983 09:00,    1620.000
04/04/1983 09:00,    1820.000
05/04/1983 09:00,    1820.000
06/04/1983 09:00,    1110.000
07/04/1983 09:00,    1120.000
08/04/1983 09:00,    1130.000
09/04/1983 09:00,    1690.000
10/04/1983 09:00,     290.000
11/04/1983 09:00,     580.000
12/04/1983 09:00,     600.000
13/04/1983 09:00,     560.000
14/04/1983 09:00,     650.000
15/04/1983 09:00,     570.000
16/04/1983 09:00,     600.000
17/04/1983 09:00,    2150.000
18/04/1983 09:00,    2150.000
19/04/1983 09:00,    1770.000
20/04/1983 09:00,    1790.000
21/04/1983 09:00,    1780.000
22/04/1983 09:00,    1790.000
23/04/1983 09:00,     600.000
24/04/1983 09:00,     610.000
25/04/1983 09:00,    1210.000
26/04/1983 09:00,    2030.000
27/04/1983 09:00,    2620.000
28/04/1983 09:00,    2630.000
29/04/1983 09:00,    2630.000
30/04/1983 09:00,    3010.000
01/05/1983 09:00,    2630.000
02/05/1983 09:00,    1650.000
03/05/1983 09:00,     850.000
04/05/1983 09:00,     860.000
05/05/1983 09:00,     860.000
06/05/1983 09:00,     550.000
07/05/1983 09:00,     640.000
08/05/1983 09:00,     550.000
09/05/1983 09:00,     550.000
10/05/1983 09:00,     760.000
11/05/1983 09:00,     650.000
12/05/1983 09:00,     550.000
13/05/1983 09:00,     560.000
14/05/1983 09:00,     660.000
15/05/1983 09:00,     560.000
16/05/1983 09:00,     560.000
17/05/1983 09:00,     670.000
18/05/1983 09:00,     680.000
19/05/1983 09:00,     690.000
20/05/1983 09:00,     690.000
21/05/1983 09:00,     690.000
22/05/1983 09:00,     190.000
23/05/1983 09:00,    1810.000
24/05/1983 09:00,    1110.000
25/05/1983 09:00,    1380.000
26/05/1983 09:00,    1380.000
27/05/1983 09:00,    1210.000
28/05/1983 09:00,     710.000
29/05/1983 09:00,     960.000
30/05/1983 09:00,     960.000
31/05/1983 09:00,    1410.000
01/06/1983 09:00,    1430.000
02/06/1983 09:00,    1900.000
03/06/1983 09:00,    1550.000
04/06/1983 09:00,     980.000
05/06/1983 09:00,     990.000
06/06/1983 09:00,     990.000
07/06/1983 09:00,    1000.000
08/06/1983 09:00,     510.000
09/06/1983 09:00,     630.000
10/06/1983 09:00,    1730.000
11/06/1983 09:00,    1360.000
12/06/1983 09:00,    1140.000
13/06/1983 09:00,    1150.000
14/06/1983 09:00,    1150.000
15/06/1983 09:00,    1390.000
16/06/1983 09:00,    1390.000
17/06/1983 09:00,    1292.000
18/06/1983 09:00,     770.000
19/06/1983 09:00,     770.000
20/06/1983 09:00,     760.000
21/06/1983 09:00,     760.000
22/06/1983 09:00,     770.000
23/06/1983 09:00,     770.000
24/06/1983 09:00,     790.000
25/06/1983 09:00,     800.000
26/06/1983 09:00,    8410.000
27/06/1983 09:00,     810.000
28/06/1983 09:00,     790.000
29/06/1983 09:00,     730.000
30/06/1983 09:00,     720.000
01/07/1983 09:00,     700.000
02/07/1983 09:00,    2880.000
03/07/1983 09:00,    2840.000
04/07/1983 09:00,    5190.000
05/07/1983 09:00,    6440.000
06/07/1983 09:00,    7020.000
07/07/1983 09:00,    6970.000
08/07/1983 09:00,    6920.000
09/07/1983 09:00,    6830.000
10/07/1983 09:00,    6760.000
11/07/1983 09:00,    6690.000
12/07/1983 09:00,    7860.000
13/07/1983 09:00,    7770.000
14/07/1983 09:00,    7630.000
15/07/1983 09:00,    7500.000
16/07/1983 09:00,    7370.000
17/07/1983 09:00,    7300.000
18/07/1983 09:00,    7040.000
19/07/1983 09:00,    6880.000
20/07/1983 09:00,    6730.000
21/07/1983 09:00,    4650.000
22/07/1983 09:00,    4690.000
23/07/1983 09:00,    4440.000
24/07/1983 09:00,    4220.000
25/07/1983 09:00,    4170.000
26/07/1983 09:00,    4120.000
27/07/1983 09:00,    4020.000
28/07/1983 09:00,    3990.000
29/07/1983 09:00,    3910.000
30/07/1983 09:00,    4040.000
31/07/1983 09:00,     740.000
01/08/1983 09:00,     740.000
02/08/1983 09:00,     790.000
03/08/1983 09:00,     830.000
04/08/1983 09:00,     870.000
05/08/1983 09:00,     890.000
06/08/1983 09:00,     920.000
07/08/1983 09:00,     920.000
08/08/1983 09:00,     920.000
09/08/1983 09:00,     920.000
10/08/1983 09:00,     810.000
11/08/1983 09:00,     800.000
12/08/1983 09:00,     790.000
13/08/1983 09:00,     780.000
14/08/1983 09:00,     780.000
15/08/1983 09:00,     790.000
16/08/1983 09:00,     770.000
17/08/1983 09:00,     730.000
18/08/1983 09:00,     710.000
19/08/1983 09:00,     710.000
20/08/1983 09:00,     700.000
21/08/1983 09:00,     690.000
22/08/1983 09:00,     690.000
23/08/1983 09:00,     690.000
24/08/1983 09:00,     700.000
25/08/1983 09:00,     720.000
26/08/1983 09:00,     710.000
27/08/1983 09:00,     740.000
28/08/1983 09:00,     750.000
29/08/1983 09:00,     750.000
30/08/1983 09:00,     760.000
31/08/1983 09:00,     770.000
01/09/1983 09:00,     770.000
02/09/1983 09:00,     780.000
03/09/1983 09:00,     790.000
04/09/1983 09:00,     790.000
05/09/1983 09:00,     800.000
06/09/1983 09:00,     810.000
07/09/1983 09:00,     810.000
08/09/1983 09:00,    2730.000
09/09/1983 09:00,    6110.000
10/09/1983 09:00,    6000.000
11/09/1983 09:00,    5950.000
12/09/1983 09:00,    5900.000
13/09/1983 09:00,    5780.000
14/09/1983 09:00,    6280.000
15/09/1983 09:00,    6120.000
16/09/1983 09:00,    6020.000
17/09/1983 09:00,    6410.000
18/09/1983 09:00,    6310.000
19/09/1983 09:00,    6290.000
20/09/1983 09:00,    6130.000
21/09/1983 09:00,    5990.000
22/09/1983 09:00,    5900.000
23/09/1983 09:00,    6010.000
24/09/1983 09:00,    5960.000
25/09/1983 09:00,    5820.000
26/09/1983 09:00,    5680.000
27/09/1983 09:00,    5600.000
28/09/1983 09:00,    6140.000
29/09/1983 09:00,    6050.000
30/09/1983 09:00,    5950.000
01/10/1983 09:00,     750.000
02/10/1983 09:00,     750.000
03/10/1983 09:00,     740.000
04/10/1983 09:00,     740.000
05/10/1983 09:00,     730.000
06/10/1983 09:00,     720.000
07/10/1983 09:00,     740.000
08/10/1983 09:00,     740.000
09/10/1983 09:00,     750.000
10/10/1983 09:00,     760.000
11/10/1983 09:00,     760.000
12/10/1983 09:00,     770.000
13/10/1983 09:00,     520.000
18/10/1983 09:00,     570.000
19/10/1983 09:00,     570.000
20/10/1983 09:00,     570.000
21/10/1983 09:00,     580.000
22/10/1983 09:00,     590.000
23/10/1983 09:00,     590.000
24/10/1983 09:00,     600.000
25/10/1983 09:00,     600.000
26/10/1983 09:00,     610.000
27/10/1983 09:00,     620.000
28/10/1983 09:00,     620.000
29/10/1983 09:00,     640.000
30/10/1983 09:00,     640.000
31/10/1983 09:00,     660.000
01/11/1983 09:00,     670.000
02/11/1983 09:00,     690.000
03/11/1983 09:00,     700.000
04/11/1983 09:00,     730.000
05/11/1983 09:00,     750.000
06/11/1983 09:00,     770.000
07/11/1983 09:00,     780.000
08/11/1983 09:00,    2930.000
09/11/1983 09:00,    2970.000
10/11/1983 09:00,    3000.000
11/11/1983 09:00,    3040.000
12/11/1983 09:00,     840.000
13/11/1983 09:00,     860.000
14/11/1983 09:00,     870.000
15/11/1983 09:00,     870.000
16/11/1983 09:00,     870.000
17/11/1983 09:00,     880.000
21/11/1983 09:00,     880.000
22/11/1983 09:00,     890.000
23/11/1983 09:00,     900.000
24/11/1983 09:00,     920.000
25/11/1983 09:00,     930.000
26/11/1983 09:00,     930.000
27/11/1983 09:00,     930.000
28/11/1983 09:00,     940.000
29/11/1983 09:00,     940.000
30/11/1983 09:00,     940.000
01/12/1983 09:00,     940.000
02/12/1983 09:00,     950.000
03/12/1983 09:00,     950.000
04/12/1983 09:00,     960.000
05/12/1983 09:00,     960.000
06/12/1983 09:00,     950.000
07/12/1983 09:00,     940.000
12/12/1983 09:00,     940.000
13/12/1983 09:00,     950.000
14/12/1983 09:00,     960.000
15/12/1983 09:00,     960.000
16/12/1983 09:00,     970.000
17/12/1983 09:00,     960.000
18/12/1983 09:00,     960.000
19/12/1983 09:00,     960.000
20/12/1983 09:00,     950.000
21/12/1983 09:00,     940.000
22/12/1983 09:00,     960.000
23/12/1983 09:00,    2390.000
24/12/1983 09:00,    2400.000
25/12/1983 09:00,    2410.000
26/12/1983 09:00,    2400.000
27/12/1983 09:00,    2370.000
28/12/1983 09:00,    2370.000
29/12/1983 09:00,    2360.000
30/12/1983 09:00,    2360.000
31/12/1983 09:00,    2410.000
01/01/1984 09:00,    2380.000
02/01/1984 09:00,    2360.000
03/01/1984 09:00,    2350.000
04/01/1984 09:00,    2360.000
05/01/1984 09:00,    2370.000
06/01/1984 09:00,    2420.000
07/01/1984 09:00,    2430.000
08/01/1984 09:00,    2470.000
09/01/1984 09:00,    2470.000
10/01/1984 09:00,    2470.000
11/01/1984 09:00,    2480.000
12/01/1984 09:00,    2480.000
13/01/1984 09:00,    2490.000
14/01/1984 09:00,    2500.000
15/01/1984 09:00,    2490.000
16/01/1984 09:00,    2420.000
17/01/1984 09:00,    3500.000
18/01/1984 09:00,    3460.000
19/01/1984 09:00,    3430.000
20/01/1984 09:00,    3440.000
21/01/1984 09:00,    3390.000
22/01/1984 09:00,    3360.000
23/01/1984 09:00,    3340.000
24/01/1984 09:00,    3340.000
25/01/1984 09:00,    3290.000
26/01/1984 09:00,    5260.000
27/01/1984 09:00,    7240.000
28/01/1984 09:00,     880.000
29/01/1984 09:00,    3240.000
03/02/1984 09:00,    3190.000
04/02/1984 09:00,    3200.000
05/02/1984 09:00,    3220.000
06/02/1984 09:00,    3180.000
07/02/1984 09:00,    6490.000
08/02/1984 09:00,    6350.000
09/02/1984 09:00,    6270.000
10/02/1984 09:00,    6180.000
11/02/1984 09:00,    6570.000
12/02/1984 09:00,    6540.000
13/02/1984 09:00,    6470.000
14/02/1984 09:00,    6440.000
15/02/1984 09:00,    6390.000
16/02/1984 09:00,    6390.000
17/02/1984 09:00,    6620.000
18/02/1984 09:00,    6630.000
19/02/1984 09:00,    6550.000
20/02/1984 09:00,    6490.000
21/02/1984 09:00,    6450.000
22/02/1984 09:00,    6400.000
23/02/1984 09:00,    6330.000
24/02/1984 09:00,    1180.000
25/02/1984 09:00,    1250.000
26/02/1984 09:00,    1280.000
01/03/1984 09:00,    1320.000
02/03/1984 09:00,    1320.000
03/03/1984 09:00,    1330.000
04/03/1984 09:00,    1330.000
05/03/1984 09:00,    1340.000
06/03/1984 09:00,    1340.000
07/03/1984 09:00,    1350.000
08/03/1984 09:00,    1360.000
09/03/1984 09:00,    1390.000
10/03/1984 09:00,    1410.000
11/03/1984 09:00,    1420.000
12/03/1984 09:00,    1420.000
13/03/1984 09:00,     970.000
14/03/1984 09:00,     970.000
15/03/1984 09:00,     970.000
16/03/1984 09:00,     970.000
17/03/1984 09:00,     980.000
18/03/1984 09:00,     990.000
19/03/1984 09:00,     990.000
20/03/1984 09:00,     990.000
21/03/1984 09:00,    1000.000
22/03/1984 09:00,    1000.000
23/03/1984 09:00,    1010.000
24/03/1984 09:00,    1010.000
25/03/1984 09:00,    1010.000
26/03/1984 09:00,    1010.000
27/03/1984 09:00,     100.000
28/03/1984 09:00,    1000.000
29/03/1984 09:00,    1010.000
30/03/1984 09:00,    2950.000
31/03/1984 09:00,    2950.000
01/04/1984 09:00,    2940.000
02/04/1984 09:00,    2920.000
03/04/1984 09:00,    2920.000
04/04/1984 09:00,    2940.000
05/04/1984 09:00,    2940.000
06/04/1984 09:00,    2950.000
07/04/1984 09:00,    2930.000
08/04/1984 09:00,    2930.000
09/04/1984 09:00,    2930.000
10/04/1984 09:00,    1980.000
11/04/1984 09:00,    1990.000
12/04/1984 09:00,    2010.000
13/04/1984 09:00,    2020.000
14/04/1984 09:00,    2030.000
15/04/1984 09:00,    2030.000
16/04/1984 09:00,    2030.000
17/04/1984 09:00,    2010.000
18/04/1984 09:00,    2480.000
22/04/1984 09:00,    2480.000
23/04/1984 09:00,    2490.000
24/04/1984 09:00,    2500.000
25/04/1984 09:00,    2500.000
26/04/1984 09:00,    2500.000
27/04/1984 09:00,    2510.000
28/04/1984 09:00,    2520.000
29/04/1984 09:00,    2520.000
30/04/1984 09:00,    2520.000
01/05/1984 09:00,    2490.000
02/05/1984 09:00,    2480.000
03/05/1984 09:00,    2450.000
04/05/1984 09:00,    2440.000
05/05/1984 09:00,    2440.000
06/05/1984 09:00,    2440.000
07/05/1984 09:00,    2430.000
08/05/1984 09:00,    2420.000
09/05/1984 09:00,    2410.000
10/05/1984 09:00,    2410.000
11/05/1984 09:00,    2420.000
12/05/1984 09:00,    2410.000
13/05/1984 09:00,    2390.000
14/05/1984 09:00,    2380.000
15/05/1984 09:00,    2370.000
16/05/1984 09:00,    2410.000
17/05/1984 09:00,    2410.000
18/05/1984 09:00,    2410.000
19/05/1984 09:00,    2440.000
20/05/1984 09:00,    2480.000
21/05/1984 09:00,    2490.000
22/05/1984 09:00,    2520.000
23/05/1984 09:00,    2550.000
24/05/1984 09:00,    2540.000
25/05/1984 09:00,    2530.000
26/05/1984 09:00,    2520.000
27/05/1984 09:00,    2520.000
28/05/1984 09:00,    2520.000
29/05/1984 09:00,    2510.000
30/05/1984 09:00,    2510.000
31/05/1984 09:00,    2510.000
01/06/1984 09:00,    2510.000
02/06/1984 09:00,    3020.000
03/06/1984 09:00,    3010.000
04/06/1984 09:00,    3010.000
05/06/1984 09:00,    2990.000
06/06/1984 09:00,    2990.000
07/06/1984 09:00,    2990.000
08/06/1984 09:00,    3740.000
09/06/1984 09:00,    3730.000
10/06/1984 09:00,    3720.000
11/06/1984 09:00,    3700.000
12/06/1984 09:00,    3690.000
13/06/1984 09:00,    3680.000
14/06/1984 09:00,    3700.000
15/06/1984 09:00,    2950.000
16/06/1984 09:00,    3750.000
17/06/1984 09:00,    3740.000
18/06/1984 09:00,    3780.000
19/06/1984 09:00,    1280.000
20/06/1984 09:00,    2300.000
21/06/1984 09:00,    1540.000
22/06/1984 09:00,     780.000
23/06/1984 09:00,     780.000
24/06/1984 09:00,     780.000
25/06/1984 09:00,     780.000
26/06/1984 09:00,     790.000
27/06/1984 09:00,     790.000
28/06/1984 09:00,     790.000
29/06/1984 09:00,     800.000
30/06/1984 09:00,     810.000
01/07/1984 09:00,     810.000
02/07/1984 09:00,     820.000
03/07/1984 09:00,     820.000
04/07/1984 09:00,     840.000
13/07/1984 09:00,     840.000
14/07/1984 09:00,     860.000
15/07/1984 09:00,    1150.000
16/07/1984 09:00,    1140.000
17/07/1984 09:00,     850.000
18/07/1984 09:00,     830.000
19/07/1984 09:00,     830.000
20/07/1984 09:00,     560.000
21/07/1984 09:00,     560.000
22/07/1984 09:00,     560.000
23/07/1984 09:00,     570.000
24/07/1984 09:00,     580.000
25/07/1984 09:00,     570.000
26/07/1984 09:00,     570.000
27/07/1984 09:00,     570.000
28/07/1984 09:00,     570.000
29/07/1984 09:00,     580.000
30/07/1984 09:00,     850.000
31/07/1984 09:00,     840.000
01/08/1984 09:00,     840.000
02/08/1984 09:00,     810.000
03/08/1984 09:00,    3950.000
04/08/1984 09:00,    4950.000
05/08/1984 09:00,    4900.000
06/08/1984 09:00,    4800.000
07/08/1984 09:00,    5290.000
08/08/1984 09:00,    5220.000
09/08/1984 09:00,    5170.000
10/08/1984 09:00,    5140.000
11/08/1984 09:00,    5100.000
12/08/1984 09:00,    5000.000
13/08/1984 09:00,    4900.000
14/08/1984 09:00,    4790.000
15/08/1984 09:00,    2600.000
16/08/1984 09:00,    2610.000
17/08/1984 09:00,    1110.000
18/08/1984 09:00,    1090.000
19/08/1984 09:00,    1080.000
20/08/1984 09:00,    1070.000
21/08/1984 09:00,    1070.000
22/08/1984 09:00,    1080.000
26/08/1984 09:00,    1080.000
27/08/1984 09:00,    1070.000
28/08/1984 09:00,    1070.000
29/08/1984 09:00,    1070.000
31/08/1984 09:00,       0.000
01/09/1984 09:00,    2560.000
02/09/1984 09:00,    2490.000
03/09/1984 09:00,    2440.000
04/09/1984 09:00,    2370.000
05/09/1984 09:00,    4680.000
06/09/1984 09:00,    5730.000
07/09/1984 09:00,    6790.000
08/09/1984 09:00,    6610.000
09/09/1984 09:00,    6500.000
10/09/1984 09:00,    6430.000
11/09/1984 09:00,    6300.000
12/09/1984 09:00,    6770.000
13/09/1984 09:00,    6650.000
14/09/1984 09:00,    6600.000
15/09/1984 09:00,    6470.000
16/09/1984 09:00,    6340.000
17/09/1984 09:00,    6190.000
18/09/1984 09:00,    7070.000
19/09/1984 09:00,    6830.000
20/09/1984 09:00,    8210.000
21/09/1984 09:00,    7990.000
22/09/1984 09:00,    8380.000
23/09/1984 09:00,    8390.000
24/09/1984 09:00,    8190.000
25/09/1984 09:00,    8170.000
26/09/1984 09:00,    7910.000
27/09/1984 09:00,    7710.000
28/09/1984 09:00,    7040.000
29/09/1984 09:00,    5420.000
30/09/1984 09:00,    4230.000
01/10/1984 09:00,    3470.000
02/10/1984 09:00,    2011.000
03/10/1984 09:00,    1320.000
04/10/1984 09:00,    1315.000
05/10/1984 09:00,    1310.000
06/10/1984 09:00,    1300.000
07/10/1984 09:00,    1280.000
08/10/1984 09:00,    1250.000
09/10/1984 09:00,    1240.000
10/10/1984 09:00,    4260.000
11/10/1984 09:00,    5930.000
12/10/1984 09:00,    7110.000
13/10/1984 09:00,    6416.000
14/10/1984 09:00,    6181.000
15/10/1984 09:00,    5653.000
16/10/1984 09:00,    4870.000
17/10/1984 09:00,     700.000
18/10/1984 09:00,     740.000
19/10/1984 09:00,     800.000
20/10/1984 09:00,     840.000
21/10/1984 09:00,     890.000
22/10/1984 09:00,     941.000
23/10/1984 09:00,     490.000
24/10/1984 09:00,     520.000
25/10/1984 09:00,     530.000
26/10/1984 09:00,     560.000
27/10/1984 09:00,     570.000
28/10/1984 09:00,     580.000
29/10/1984 09:00,     590.000
30/10/1984 09:00,     610.000
31/10/1984 09:00,     370.000
01/11/1984 09:00,     380.000
02/11/1984 09:00,     390.000
03/11/1984 09:00,     390.000
04/11/1984 09:00,     400.000
05/11/1984 09:00,     410.000
06/11/1984 09:00,     420.000
07/11/1984 09:00,     420.000
08/11/1984 09:00,     430.000
09/11/1984 09:00,     440.000
10/11/1984 09:00,     440.000
11/11/1984 09:00,     220.000
12/11/1984 09:00,     230.000
13/11/1984 09:00,     220.000
14/11/1984 09:00,     200.000
15/11/1984 09:00,     220.000
16/11/1984 09:00,     220.000
17/11/1984 09:00,     220.000
18/11/1984 09:00,     490.000
19/11/1984 09:00,     490.000
20/11/1984 09:00,     500.000
21/11/1984 09:00,       0.000
27/11/1984 09:00,       0.000
28/11/1984 09:00,      66.000
29/11/1984 09:00,     710.000
30/11/1984 09:00,    4260.000
01/12/1984 09:00,    4290.000
02/12/1984 09:00,    4350.000
03/12/1984 09:00,    5100.000
04/12/1984 09:00,    3650.000
05/12/1984 09:00,     740.000
06/12/1984 09:00,     750.000
07/12/1984 09:00,     760.000
08/12/1984 09:00,     760.000
09/12/1984 09:00,     770.000
10/12/1984 09:00,     770.000
11/12/1984 09:00,     780.000
12/12/1984 09:00,     800.000
18/12/1984 09:00,     800.000
19/12/1984 09:00,     810.000
20/12/1984 09:00,     810.000
21/12/1984 09:00,     820.000
22/12/1984 09:00,     800.000
23/12/1984 09:00,     380.000
24/12/1984 09:00,     360.000
25/12/1984 09:00,     360.000
26/12/1984 09:00,     390.000
27/12/1984 09:00,     400.000
28/12/1984 09:00,     430.000
29/12/1984 09:00,     420.000
30/12/1984 09:00,     770.000
31/12/1984 09:00,     780.000
01/01/1985 09:00,     770.000
02/01/1985 09:00,     770.000
03/01/1985 09:00,     770.000
04/01/1985 09:00,    1270.000
05/01/1985 09:00,    1520.000
06/01/1985 09:00,    1530.000
07/01/1985 09:00,    1530.000
08/01/1985 09:00,    1540.000
09/01/1985 09:00,    1540.000
10/01/1985 09:00,     790.000
11/01/1985 09:00,     790.000
12/01/1985 09:00,     530.000
13/01/1985 09:00,     530.000
14/01/1985 09:00,     530.000
15/01/1985 09:00,     540.000
16/01/1985 09:00,     550.000
17/01/1985 09:00,    1390.000
18/01/1985 09:00,    1380.000
19/01/1985 09:00,    1340.000
20/01/1985 09:00,    1890.000
21/01/1985 09:00,    1620.000
22/01/1985 09:00,    2150.000
23/01/1985 09:00,    3830.000
24/01/1985 09:00,    3600.000
25/01/1985 09:00,    4830.000
26/01/1985 09:00,    5070.000
27/01/1985 09:00,    4420.000
28/01/1985 09:00,    4360.000
29/01/1985 09:00,    4250.000
30/01/1985 09:00,    4240.000
31/01/1985 09:00,    5040.000
01/02/1985 09:00,    6800.000
02/02/1985 09:00,    6775.000
03/02/1985 09:00,    5190.000
04/02/1985 09:00,    4930.000
05/02/1985 09:00,    4330.000
06/02/1985 09:00,    4365.000
07/02/1985 09:00,    6370.000
08/02/1985 09:00,    6210.000
09/02/1985 09:00,    4980.000
10/02/1985 09:00,    6250.000
11/02/1985 09:00,    5735.000
12/02/1985 09:00,    5190.000
13/02/1985 09:00,    4690.000
14/02/1985 09:00,    4690.000
15/02/1985 09:00,    4670.000
16/02/1985 09:00,    4880.000
17/02/1985 09:00,    5100.000
18/02/1985 09:00,    5060.000
19/02/1985 09:00,    5060.000
20/02/1985 09:00,    5050.000
21/02/1985 09:00,    4990.000
22/02/1985 09:00,    4960.000
23/02/1985 09:00,    4930.000
24/02/1985 09:00,    4920.000
25/02/1985 09:00,    4890.000
26/02/1985 09:00,    4880.000
27/02/1985 09:00,    4850.000
28/02/1985 09:00,    5030.000
01/03/1985 09:00,    4200.000
02/03/1985 09:00,    4120.000
03/03/1985 09:00,    4090.000
04/03/1985 09:00,    4310.000
05/03/1985 09:00,    4280.000
06/03/1985 09:00,    4240.000
07/03/1985 09:00,    4230.000
08/03/1985 09:00,    4200.000
09/03/1985 09:00,    4200.000
10/03/1985 09:00,    4390.000
11/03/1985 09:00,    4550.000
12/03/1985 09:00,    4520.000
13/03/1985 09:00,    4740.000
14/03/1985 09:00,    4710.000
15/03/1985 09:00,    5120.000
16/03/1985 09:00,    6460.000
17/03/1985 09:00,    6490.000
18/03/1985 09:00,    6320.000
19/03/1985 09:00,    6230.000
20/03/1985 09:00,    5820.000
21/03/1985 09:00,    4230.000
22/03/1985 09:00,    3860.000
23/03/1985 09:00,    4960.000
24/03/1985 09:00,    4930.000
25/03/1985 09:00,    4890.000
26/03/1985 09:00,    4850.000
27/03/1985 09:00,    5720.000
28/03/1985 09:00,    7010.000
29/03/1985 09:00,    6440.000
30/03/1985 09:00,    6440.000
31/03/1985 09:00,    6500.000
01/04/1985 09:00,    5620.000
02/04/1985 09:00,    4390.000
03/04/1985 09:00,    3710.000
04/04/1985 09:00,    3170.000
05/04/1985 09:00,    2240.000
06/04/1985 09:00,    2260.000
07/04/1985 09:00,       0.000
08/04/1985 09:00,     390.000
09/04/1985 09:00,     770.000
10/04/1985 09:00,     770.000
11/04/1985 09:00,    1130.000
12/04/1985 09:00,    2430.000
13/04/1985 09:00,    2400.000
14/04/1985 09:00,    2390.000
15/04/1985 09:00,    1630.000
16/04/1985 09:00,    1090.000
17/04/1985 09:00,     750.000
18/04/1985 09:00,     760.000
19/04/1985 09:00,    1110.000
20/04/1985 09:00,    2160.000
21/04/1985 09:00,    2770.000
22/04/1985 09:00,    2610.000
23/04/1985 09:00,     550.000
24/04/1985 09:00,     550.000
25/04/1985 09:00,    1130.000
26/04/1985 09:00,    1080.000
27/04/1985 09:00,    1080.000
28/04/1985 09:00,    1070.000
29/04/1985 09:00,    1070.000
30/04/1985 09:00,     755.000
01/05/1985 09:00,     800.000
02/05/1985 09:00,     185.000
03/05/1985 09:00,    1820.000
04/05/1985 09:00,     750.000
05/05/1985 09:00,     570.000
06/05/1985 09:00,     560.000
07/05/1985 09:00,     560.000
08/05/1985 09:00,     560.000
09/05/1985 09:00,     560.000
10/05/1985 09:00,     570.000
11/05/1985 09:00,     950.000
12/05/1985 09:00,    1110.000
13/05/1985 09:00,    1100.000
14/05/1985 09:00,     890.000
15/05/1985 09:00,     930.000
16/05/1985 09:00,     930.000
17/05/1985 09:00,     930.000
18/05/1985 09:00,     940.000
19/05/1985 09:00,     930.000
20/05/1985 09:00,     930.000
21/05/1985 09:00,     930.000
22/05/1985 09:00,     930.000
23/05/1985 09:00,    1090.000
24/05/1985 09:00,    1270.000
25/05/1985 09:00,    1450.000
26/05/1985 09:00,     740.000
27/05/1985 09:00,     560.000
28/05/1985 09:00,     550.000
29/05/1985 09:00,     550.000
30/05/1985 09:00,     560.000
31/05/1985 09:00,     580.000
01/06/1985 09:00,     570.000
02/06/1985 09:00,     590.000
03/06/1985 09:00,     590.000
04/06/1985 09:00,     600.000
05/06/1985 09:00,     590.000
06/06/1985 09:00,     600.000
07/06/1985 09:00,     610.000
08/06/1985 09:00,     840.000
09/06/1985 09:00,     590.000
10/06/1985 09:00,     600.000
11/06/1985 09:00,     600.000
12/06/1985 09:00,     610.000
13/06/1985 09:00,    1370.000
14/06/1985 09:00,    1370.000
15/06/1985 09:00,     610.000
16/06/1985 09:00,     420.000
17/06/1985 09:00,     420.000
18/06/1985 09:00,     620.000
19/06/1985 09:00,    1280.000
20/06/1985 09:00,    1200.000
21/06/1985 09:00,     830.000
22/06/1985 09:00,     620.000
23/06/1985 09:00,     620.000
24/06/1985 09:00,     630.000
25/06/1985 09:00,     640.000
26/06/1985 09:00,     430.000
27/06/1985 09:00,     440.000
28/06/1985 09:00,     440.000
29/06/1985 09:00,     650.000
30/06/1985 09:00,     640.000
01/07/1985 09:00,    1480.000
02/07/1985 09:00,    1490.000
03/07/1985 09:00,    1480.000
04/07/1985 09:00,    1500.000
08/07/1985 09:00,    1500.000
09/07/1985 09:00,    1300.000
10/07/1985 09:00,    1510.000
11/07/1985 09:00,    1520.000
12/07/1985 09:00,    1520.000
13/07/1985 09:00,    1520.000
14/07/1985 09:00,     620.000
15/07/1985 09:00,     670.000
16/07/1985 09:00,     890.000
17/07/1985 09:00,     890.000
18/07/1985 09:00,     890.000
19/07/1985 09:00,     900.000
20/07/1985 09:00,    1530.000
21/07/1985 09:00,    1540.000
25/07/1985 09:00,    1540.000
26/07/1985 09:00,    1310.000
27/07/1985 09:00,    1310.000
28/07/1985 09:00,    1110.000
29/07/1985 09:00,    1110.000
30/07/1985 09:00,    1110.000
31/07/1985 09:00,    1100.000
01/08/1985 09:00,    1090.000
02/08/1985 09:00,    1090.000
03/08/1985 09:00,    3580.000
04/08/1985 09:00,     890.000
05/08/1985 09:00,     890.000
06/08/1985 09:00,    1320.000
07/08/1985 09:00,    1090.000
08/08/1985 09:00,     710.000
09/08/1985 09:00,    1510.000
10/08/1985 09:00,    1280.000
11/08/1985 09:00,    1090.000
12/08/1985 09:00,    1720.000
13/08/1985 09:00,    1710.000
14/08/1985 09:00,    1710.000
15/08/1985 09:00,    1710.000
16/08/1985 09:00,    1090.000
17/08/1985 09:00,    1090.000
18/08/1985 09:00,    1600.000
19/08/1985 09:00,    1500.000
20/08/1985 09:00,    1950.000
21/08/1985 09:00,    1560.000
22/08/1985 09:00,    1570.000
23/08/1985 09:00,    1580.000
24/08/1985 09:00,    1140.000
25/08/1985 09:00,    1150.000
26/08/1985 09:00,    1160.000
27/08/1985 09:00,     700.000
28/08/1985 09:00,     460.000
29/08/1985 09:00,     450.000
30/08/1985 09:00,     420.000
31/08/1985 09:00,     410.000
01/09/1985 09:00,     400.000
02/09/1985 09:00,     400.000
03/09/1985 09:00,     400.000
04/09/1985 09:00,     410.000
05/09/1985 09:00,     420.000
06/09/1985 09:00,     420.000
07/09/1985 09:00,     420.000
08/09/1985 09:00,     420.000
09/09/1985 09:00,     410.000
10/09/1985 09:00,     400.000
11/09/1985 09:00,     400.000
12/09/1985 09:00,     410.000
17/09/1985 09:00,     410.000
18/09/1985 09:00,     420.000
22/09/1985 09:00,     420.000
23/09/1985 09:00,     425.000
24/09/1985 09:00,     420.000
25/09/1985 09:00,     430.000
26/09/1985 09:00,     430.000
27/09/1985 09:00,     430.000
28/09/1985 09:00,     440.000
29/09/1985 09:00,     440.000
30/09/1985 09:00,     450.000
01/10/1985 09:00,     450.000
02/10/1985 09:00,     460.000
03/10/1985 09:00,     470.000
04/10/1985 09:00,     480.000
05/10/1985 09:00,     500.000
06/10/1985 09:00,     500.000
07/10/1985 09:00,     510.000
08/10/1985 09:00,     510.000
09/10/1985 09:00,     530.000
10/10/1985 09:00,     540.000
14/10/1985 09:00,     540.000
15/10/1985 09:00,     560.000
16/10/1985 09:00,    1100.000
17/10/1985 09:00,    2410.000
18/10/1985 09:00,    2400.000
19/10/1985 09:00,    2450.000
20/10/1985 09:00,    2500.000
21/10/1985 09:00,    2510.000
22/10/1985 09:00,    3350.000
23/10/1985 09:00,    3890.000
24/10/1985 09:00,    3860.000
25/10/1985 09:00,    2600.000
26/10/1985 09:00,    3370.000
27/10/1985 09:00,    3320.000
28/10/1985 09:00,    3340.000
29/10/1985 09:00,    3950.000
30/10/1985 09:00,    3900.000
31/10/1985 09:00,    3890.000
01/11/1985 09:00,    3880.000
02/11/1985 09:00,    3620.000
03/11/1985 09:00,    3630.000
04/11/1985 09:00,    3340.000
05/11/1985 09:00,    1960.000
06/11/1985 09:00,    1960.000
07/11/1985 09:00,    1960.000
08/11/1985 09:00,    1960.000
09/11/1985 09:00,    1940.000
10/11/1985 09:00,    1920.000
11/11/1985 09:00,    1920.000
12/11/1985 09:00,    1930.000
13/11/1985 09:00,    2790.000
14/11/1985 09:00,    2790.000
15/11/1985 09:00,    2800.000
16/11/1985 09:00,    2300.000
17/11/1985 09:00,    1810.000
18/11/1985 09:00,    1660.000
19/11/1985 09:00,    1660.000
20/11/1985 09:00,    2220.000
21/11/1985 09:00,    2680.000
22/11/1985 09:00,    3195.000
23/11/1985 09:00,    3010.000
24/11/1985 09:00,    1320.000
25/11/1985 09:00,     830.000
26/11/1985 09:00,    1930.000
27/11/1985 09:00,    1920.000
28/11/1985 09:00,    1630.000
29/11/1985 09:00,    2180.000
30/11/1985 09:00,    2710.000
01/12/1985 09:00,    3230.000
02/12/1985 09:00,    2410.000
03/12/1985 09:00,    2670.000
04/12/1985 09:00,    2660.000
05/12/1985 09:00,    2660.000
06/12/1985 09:00,    2930.000
07/12/1985 09:00,    3480.000
08/12/1985 09:00,    2810.000
09/12/1985 09:00,    2620.000
10/12/1985 09:00,    1300.000
11/12/1985 09:00,    1550.000
12/12/1985 09:00,    1550.000
13/12/1985 09:00,    1810.000
14/12/1985 09:00,    1820.000
15/12/1985 09:00,    2340.000
16/12/1985 09:00,    2340.000
17/12/1985 09:00,    2330.000
18/12/1985 09:00,    1530.000
19/12/1985 09:00,    1550.000
20/12/1985 09:00,     780.000
21/12/1985 09:00,     790.000
22/12/1985 09:00,     790.000
23/12/1985 09:00,     790.000
24/12/1985 09:00,     790.000
25/12/1985 09:00,     530.000
30/12/1985 09:00,     530.000
31/12/1985 09:00,    1590.000
01/01/1986 09:00,    1620.000
02/01/1986 09:00,    3580.000
03/01/1986 09:00,    3240.000
04/01/1986 09:00,    2980.000
05/01/1986 09:00,    2980.000
06/01/1986 09:00,    2990.000
07/01/1986 09:00,    4060.000
08/01/1986 09:00,    5930.000
09/01/1986 09:00,    5640.000
10/01/1986 09:00,    5890.000
11/01/1986 09:00,    5850.000
12/01/1986 09:00,    5160.000
13/01/1986 09:00,    5280.000
14/01/1986 09:00,    4740.000
15/01/1986 09:00,    5000.000
16/01/1986 09:00,    5460.000
17/01/1986 09:00,    6380.000
18/01/1986 09:00,    6630.000
19/01/1986 09:00,    6620.000
20/01/1986 09:00,    6340.000
21/01/1986 09:00,    5380.000
22/01/1986 09:00,    4300.000
23/01/1986 09:00,    4530.000
24/01/1986 09:00,    5260.000
25/01/1986 09:00,    5480.000
26/01/1986 09:00,    5700.000
27/01/1986 09:00,    5900.000
28/01/1986 09:00,    5870.000
29/01/1986 09:00,    6100.000
30/01/1986 09:00,    6050.000
31/01/1986 09:00,    6560.000
01/02/1986 09:00,    6500.000
02/02/1986 09:00,    6400.000
03/02/1986 09:00,    6600.000
04/02/1986 09:00,    6300.000
05/02/1986 09:00,    5800.000
06/02/1986 09:00,    5800.000
07/02/1986 09:00,    5800.000
08/02/1986 09:00,    5800.000
09/02/1986 09:00,    5900.000
10/02/1986 09:00,    6100.000
11/02/1986 09:00,    5600.000
12/02/1986 09:00,    4700.000
13/02/1986 09:00,    4800.000
14/02/1986 09:00,    6200.000
15/02/1986 09:00,    6100.000
16/02/1986 09:00,    5200.000
17/02/1986 09:00,    5400.000
18/02/1986 09:00,    4700.000
19/02/1986 09:00,    2800.000
20/02/1986 09:00,    2600.000
21/02/1986 09:00,    3600.000
22/02/1986 09:00,    3800.000
23/02/1986 09:00,    4200.000
24/02/1986 09:00,    4200.000
25/02/1986 09:00,    4300.000
26/02/1986 09:00,    4500.000
27/02/1986 09:00,    4700.000
28/02/1986 09:00,    4700.000
01/03/1986 09:00,    4900.000
02/03/1986 09:00,    4900.000
03/03/1986 09:00,    3400.000
04/03/1986 09:00,    2800.000
05/03/1986 09:00,    1200.000
06/03/1986 09:00,    2200.000
07/03/1986 09:00,    3800.000
08/03/1986 09:00,    3700.000
09/03/1986 09:00,    3000.000
10/03/1986 09:00,    3100.000
11/03/1986 09:00,    3100.000
12/03/1986 09:00,    3100.000
13/03/1986 09:00,    3800.000
14/03/1986 09:00,    4400.000
15/03/1986 09:00,    4800.000
16/03/1986 09:00,    4400.000
17/03/1986 09:00,    4400.000
18/03/1986 09:00,    3700.000
19/03/1986 09:00,    3300.000
20/03/1986 09:00,    3400.000
21/03/1986 09:00,    4500.000
22/03/1986 09:00,    5500.000
23/03/1986 09:00,    5400.000
24/03/1986 09:00,    4600.000
25/03/1986 09:00,    4500.000
26/03/1986 09:00,    4200.000
27/03/1986 09:00,    3600.000
28/03/1986 09:00,    2500.000
29/03/1986 09:00,    2500.000
30/03/1986 09:00,    2500.000
31/03/1986 09:00,    1500.000
01/04/1986 09:00,    1200.000
02/04/1986 09:00,    1200.000
03/04/1986 09:00,    1200.000
04/04/1986 09:00,    1900.000
05/04/1986 09:00,    2400.000
06/04/1986 09:00,    3600.000
07/04/1986 09:00,    3400.000
08/04/1986 09:00,    3500.000
09/04/1986 09:00,    2400.000
12/04/1986 09:00,    2800.000
13/04/1986 09:00,    3400.000
14/04/1986 09:00,    1900.000
15/04/1986 09:00,     800.000
16/04/1986 09:00,     830.000
17/04/1986 09:00,     820.000
18/04/1986 09:00,     810.000
19/04/1986 09:00,     820.000
20/04/1986 09:00,     470.000
21/04/1986 09:00,     470.000
22/04/1986 09:00,     470.000
23/04/1986 09:00,     480.000
24/04/1986 09:00,     490.000
25/04/1986 09:00,     490.000
26/04/1986 09:00,     490.000
27/04/1986 09:00,     470.000
28/04/1986 09:00,     480.000
29/04/1986 09:00,     490.000
30/04/1986 09:00,     700.000
01/05/1986 09:00,    1200.000
02/05/1986 09:00,    1200.000
03/05/1986 09:00,    1200.000
04/05/1986 09:00,    1000.000
05/05/1986 09:00,     730.000
07/05/1986 09:00,    1600.000
08/05/1986 09:00,     450.000
09/05/1986 09:00,     460.000
10/05/1986 09:00,     470.000
11/05/1986 09:00,    1500.000
18/05/1986 09:00,    1500.000
19/05/1986 09:00,    1700.000
20/05/1986 09:00,    1400.000
21/05/1986 09:00,    1400.000
22/05/1986 09:00,    1000.000
23/05/1986 09:00,     830.000
24/05/1986 09:00,     880.000
25/05/1986 09:00,     620.000
26/05/1986 09:00,    1000.000
27/05/1986 09:00,    1000.000
28/05/1986 09:00,    1200.000
29/05/1986 09:00,    1200.000
30/05/1986 09:00,    1500.000
31/05/1986 09:00,    1500.000
01/06/1986 09:00,    1500.000
02/06/1986 09:00,    1500.000
03/06/1986 09:00,    1300.000
04/06/1986 09:00,     880.000
05/06/1986 09:00,    1300.000
06/06/1986 09:00,    1300.000
07/06/1986 09:00,    1300.000
08/06/1986 09:00,     460.000
09/06/1986 09:00,     480.000
10/06/1986 09:00,     460.000
11/06/1986 09:00,     420.000
12/06/1986 09:00,     410.000
13/06/1986 09:00,     400.000
14/06/1986 09:00,     400.000
15/06/1986 09:00,     410.000
16/06/1986 09:00,     420.000
17/06/1986 09:00,     420.000
18/06/1986 09:00,     420.000
19/06/1986 09:00,     440.000
20/06/1986 09:00,     430.000
21/06/1986 09:00,     420.000
22/06/1986 09:00,     420.000
23/06/1986 09:00,     420.000
24/06/1986 09:00,     430.000
25/06/1986 09:00,     430.000
26/06/1986 09:00,     430.000
27/06/1986 09:00,     440.000
28/06/1986 09:00,     430.000
29/06/1986 09:00,     430.000
30/06/1986 09:00,     430.000
01/07/1986 09:00,     450.000
02/07/1986 09:00,     460.000
03/07/1986 09:00,     470.000
04/07/1986 09:00,     430.000
05/07/1986 09:00,     440.000
06/07/1986 09:00,     440.000
07/07/1986 09:00,     440.000
08/07/1986 09:00,     450.000
09/07/1986 09:00,     440.000
10/07/1986 09:00,     440.000
11/07/1986 09:00,     410.000
12/07/1986 09:00,     400.000
13/07/1986 09:00,     400.000
14/07/1986 09:00,     410.000
15/07/1986 09:00,     430.000
16/07/1986 09:00,     400.000
17/07/1986 09:00,     410.000
18/07/1986 09:00,     410.000
19/07/1986 09:00,     400.000
20/07/1986 09:00,     410.000
21/07/1986 09:00,     410.000
22/07/1986 09:00,     360.000
23/07/1986 09:00,     360.000
24/07/1986 09:00,     390.000
25/07/1986 09:00,     400.000
26/07/1986 09:00,     410.000
27/07/1986 09:00,     450.000
28/07/1986 09:00,     450.000
29/07/1986 09:00,    2000.000
30/07/1986 09:00,    3600.000
31/07/1986 09:00,    5300.000
01/08/1986 09:00,    5200.000
06/08/1986 09:00,    5200.000
07/08/1986 09:00,    5100.000
08/08/1986 09:00,    5100.000
09/08/1986 09:00,    5100.000
10/08/1986 09:00,    5101.000
11/08/1986 09:00,    5100.000
12/08/1986 09:00,    6300.000
16/08/1986 09:00,    6300.000
17/08/1986 09:00,    6200.000
18/08/1986 09:00,     620.000
19/08/1986 09:00,    3300.000
20/08/1986 09:00,       0.000
21/08/1986 09:00,       0.000
22/08/1986 09:00,    3100.000
23/08/1986 09:00,    6300.000
28/08/1986 09:00,    6300.000
29/08/1986 09:00,    6200.000
30/08/1986 09:00,    6200.000
31/08/1986 09:00,    6200.000
01/09/1986 09:00,    6200.000
02/09/1986 09:00,    6300.000
10/09/1986 09:00,    6300.000
11/09/1986 09:00,    6400.000
15/09/1986 09:00,    6400.000
16/09/1986 09:00,    6300.000
25/09/1986 09:00,    6300.000
26/09/1986 09:00,    7000.000
27/09/1986 09:00,    7000.000
28/09/1986 09:00,    7100.000
02/10/1986 09:00,    7100.000
03/10/1986 09:00,    7000.000
04/10/1986 09:00,    7000.000
05/10/1986 09:00,    7000.000
06/10/1986 09:00,    7000.000
07/10/1986 09:00,    3100.000
08/10/1986 09:00,     630.000
09/10/1986 09:00,     640.000
10/10/1986 09:00,     650.000
11/10/1986 09:00,     650.000
12/10/1986 09:00,     650.000
13/10/1986 09:00,     650.000
14/10/1986 09:00,    1900.000
15/10/1986 09:00,    1900.000
16/10/1986 09:00,    5200.000
17/10/1986 09:00,    5300.000
18/10/1986 09:00,    6500.000
19/10/1986 09:00,    6500.000
20/10/1986 09:00,    6400.000
21/10/1986 09:00,    6400.000
22/10/1986 09:00,    6400.000
23/10/1986 09:00,    6400.000
24/10/1986 09:00,    7100.000
25/10/1986 09:00,    8500.000
26/10/1986 09:00,    9800.000
27/10/1986 09:00,    9700.000
28/10/1986 09:00,    9700.000
29/10/1986 09:00,    9700.000
30/10/1986 09:00,    9700.000
31/10/1986 09:00,   10500.000
01/11/1986 09:00,   10300.000
02/11/1986 09:00,   10300.000
03/11/1986 09:00,       0.000
04/11/1986 09:00,       0.000
05/11/1986 09:00,    1900.000
06/11/1986 09:00,    5900.000
07/11/1986 09:00,    5800.000
08/11/1986 09:00,    5800.000
09/11/1986 09:00,    5800.000
10/11/1986 09:00,    5800.000
11/11/1986 09:00,    7700.000
12/11/1986 09:00,    7600.000
13/11/1986 09:00,    7600.000
14/11/1986 09:00,    7600.000
15/11/1986 09:00,    7500.000
16/11/1986 09:00,    7500.000
17/11/1986 09:00,    7500.000
18/11/1986 09:00,    7400.000
19/11/1986 09:00,    7400.000
20/11/1986 09:00,    7400.000
21/11/1986 09:00,    7300.000
22/11/1986 09:00,    6000.000
29/11/1986 09:00,    6000.000
30/11/1986 09:00,    6000.000
01/12/1986 09:00,    6000.000
05/12/1986 09:00,    6000.000
06/12/1986 09:00,    6040.000
07/12/1986 09:00,    6020.000
08/12/1986 09:00,    6070.000
09/12/1986 09:00,    6100.000
10/12/1986 09:00,    6100.000
11/12/1986 09:00,    6100.000
12/12/1986 09:00,    4100.000
13/12/1986 09:00,    5800.000
14/12/1986 09:00,    6600.000
15/12/1986 09:00,    6600.000
16/12/1986 09:00,    3800.000
17/12/1986 09:00,    3300.000
18/12/1986 09:00,    3400.000
19/12/1986 09:00,    3500.000
20/12/1986 09:00,    2200.000
21/12/1986 09:00,    1200.000
22/12/1986 09:00,    1200.000
23/12/1986 09:00,    1200.000
24/12/1986 09:00,    1200.000
25/12/1986 09:00,     760.000
26/12/1986 09:00,     750.000
27/12/1986 09:00,     760.000
28/12/1986 09:00,     770.000
29/12/1986 09:00,     780.000
30/12/1986 09:00,     780.000
31/12/1986 09:00,    1700.000
01/01/1987 09:00,    2300.000
02/01/1987 09:00,    2300.000
03/01/1987 09:00,    2300.000
04/01/1987 09:00,    2400.000
05/01/1987 09:00,    2400.000
06/01/1987 09:00,    1700.000
07/01/1987 09:00,    1600.000
08/01/1987 09:00,    1600.000
09/01/1987 09:00,    2400.000
10/01/1987 09:00,    1590.000
11/01/1987 09:00,    3900.000
12/01/1987 09:00,    3900.000
13/01/1987 09:00,    3800.000
14/01/1987 09:00,    3600.000
15/01/1987 09:00,    4100.000
16/01/1987 09:00,    3600.000
17/01/1987 09:00,    2200.000
18/01/1987 09:00,    2700.000
19/01/1987 09:00,    2200.000
20/01/1987 09:00,    2200.000
21/01/1987 09:00,    1900.000
22/01/1987 09:00,    1900.000
23/01/1987 09:00,    1900.000
24/01/1987 09:00,    2700.000
28/01/1987 09:00,    2700.000
29/01/1987 09:00,    5200.000
30/01/1987 09:00,    5300.000
31/01/1987 09:00,    5300.000
01/02/1987 09:00,    5000.000
02/02/1987 09:00,    4800.000
03/02/1987 09:00,    4800.000
04/02/1987 09:00,    4700.000
10/02/1987 09:00,    4700.000
11/02/1987 09:00,    4600.000
12/02/1987 09:00,    3800.000
13/02/1987 09:00,    4100.000
14/02/1987 09:00,    4100.000
15/02/1987 09:00,    4300.000
16/02/1987 09:00,    4500.000
17/02/1987 09:00,    4500.000
18/02/1987 09:00,    4500.000
19/02/1987 09:00,    4500.000
20/02/1987 09:00,    4300.000
21/02/1987 09:00,    4000.000
22/02/1987 09:00,    4000.000
23/02/1987 09:00,    3900.000
24/02/1987 09:00,    3900.000
25/02/1987 09:00,    4200.000
26/02/1987 09:00,    4300.000
27/02/1987 09:00,    4600.000
28/02/1987 09:00,    4800.000
01/03/1987 09:00,    4500.000
02/03/1987 09:00,    4300.000
03/03/1987 09:00,    4300.000
04/03/1987 09:00,    3700.000
05/03/1987 09:00,    3300.000
06/03/1987 09:00,    3300.000
07/03/1987 09:00,    3300.000
08/03/1987 09:00,    3500.000
09/03/1987 09:00,    3500.000
10/03/1987 09:00,    2000.000
11/03/1987 09:00,    1600.000
12/03/1987 09:00,    1600.000
13/03/1987 09:00,    1600.000
14/03/1987 09:00,    1800.000
15/03/1987 09:00,    2000.000
16/03/1987 09:00,    2000.000
17/03/1987 09:00,    2000.000
18/03/1987 09:00,    3600.000
19/03/1987 09:00,    4000.000
20/03/1987 09:00,    4900.000
21/03/1987 09:00,    5300.000
22/03/1987 09:00,    5400.000
23/03/1987 09:00,    5100.000
24/03/1987 09:00,    4900.000
25/03/1987 09:00,    1900.000
26/03/1987 09:00,    1200.000
27/03/1987 09:00,    5100.000
28/03/1987 09:00,    4400.000
29/03/1987 09:00,    3600.000
30/03/1987 09:00,    3500.000
05/04/1987 09:00,    3500.000
06/04/1987 09:00,    3200.000
07/04/1987 09:00,    3000.000
08/04/1987 09:00,    3000.000
09/04/1987 09:00,    2400.000
10/04/1987 09:00,    1900.000
11/04/1987 09:00,    2400.000
12/04/1987 09:00,    2700.000
13/04/1987 09:00,    2900.000
14/04/1987 09:00,    2900.000
15/04/1987 09:00,    2900.000
16/04/1987 09:00,    2700.000
17/04/1987 09:00,    2700.000
18/04/1987 09:00,    2700.000
19/04/1987 09:00,    2300.000
20/04/1987 09:00,    2300.000
21/04/1987 09:00,    2500.000
22/04/1987 09:00,    2800.000
23/04/1987 09:00,    3100.000
24/04/1987 09:00,    3000.000
25/04/1987 09:00,    3000.000
26/04/1987 09:00,    3000.000
27/04/1987 09:00,    2900.000
28/04/1987 09:00,    2400.000
29/04/1987 09:00,    1900.000
30/04/1987 09:00,    1900.000
01/05/1987 09:00,    1300.000
02/05/1987 09:00,    1100.000
11/05/1987 09:00,    1100.000
12/05/1987 09:00,     880.000
13/05/1987 09:00,     900.000
14/05/1987 09:00,     910.000
15/05/1987 09:00,     920.000
16/05/1987 09:00,    1200.000
17/05/1987 09:00,    1400.000
18/05/1987 09:00,    1300.000
19/05/1987 09:00,    1300.000
20/05/1987 09:00,    1300.000
21/05/1987 09:00,    1300.000
22/05/1987 09:00,    1200.000
28/05/1987 09:00,    1200.000
29/05/1987 09:00,    1400.000
30/05/1987 09:00,    1400.000
31/05/1987 09:00,    1400.000
01/06/1987 09:00,    1400.000
02/06/1987 09:00,    1500.000
03/06/1987 09:00,    1500.000
04/06/1987 09:00,    1540.000
05/06/1987 09:00,    1550.000
06/06/1987 09:00,    1400.000
07/06/1987 09:00,    1300.000
08/06/1987 09:00,    1300.000
09/06/1987 09:00,    1600.000
10/06/1987 09:00,    1580.000
11/06/1987 09:00,    1580.000
12/06/1987 09:00,    1590.000
13/06/1987 09:00,    1590.000
14/06/1987 09:00,    1600.000
15/06/1987 09:00,    1610.000
16/06/1987 09:00,    1490.000
17/06/1987 09:00,    1010.000
18/06/1987 09:00,    1150.000
19/06/1987 09:00,    1150.000
20/06/1987 09:00,    1200.000
21/06/1987 09:00,    1000.000
22/06/1987 09:00,    1000.000
23/06/1987 09:00,    1300.000
24/06/1987 09:00,    1300.000
25/06/1987 09:00,    2840.000
26/06/1987 09:00,    2740.000
27/06/1987 09:00,    1600.000
28/06/1987 09:00,    3200.000
29/06/1987 09:00,    3400.000
30/06/1987 09:00,    3000.000
01/07/1987 09:00,    2800.000
02/07/1987 09:00,    1600.000
03/07/1987 09:00,    1000.000
04/07/1987 09:00,     760.000
05/07/1987 09:00,     760.000
06/07/1987 09:00,     760.000
07/07/1987 09:00,     760.000
08/07/1987 09:00,     750.000
09/07/1987 09:00,     730.000
10/07/1987 09:00,     120.000
16/07/1987 09:00,     940.000
17/07/1987 09:00,    2200.000
18/07/1987 09:00,    2200.000
19/07/1987 09:00,    2200.000
20/07/1987 09:00,    2200.000
21/07/1987 09:00,    2300.000
22/07/1987 09:00,    4200.000
23/07/1987 09:00,    4300.000
24/07/1987 09:00,    4300.000
25/07/1987 09:00,    4300.000
26/07/1987 09:00,    7500.000
27/07/1987 09:00,    7300.000
28/07/1987 09:00,    7300.000
29/07/1987 09:00,    7400.000
30/07/1987 09:00,    7400.000
31/07/1987 09:00,    7400.000
01/08/1987 09:00,    7400.000
02/08/1987 09:00,    7300.000
03/08/1987 09:00,    7200.000
04/08/1987 09:00,    7200.000
05/08/1987 09:00,    7200.000
06/08/1987 09:00,    7200.000
07/08/1987 09:00,    4600.000
08/08/1987 09:00,    2900.000
09/08/1987 09:00,    2900.000
10/08/1987 09:00,    2800.000
11/08/1987 09:00,    2800.000
12/08/1987 09:00,    5500.000
13/08/1987 09:00,    6800.000
14/08/1987 09:00,    6800.000
15/08/1987 09:00,    6800.000
16/08/1987 09:00,    6900.000
17/08/1987 09:00,    6800.000
18/08/1987 09:00,    6800.000
19/08/1987 09:00,    6700.000
20/08/1987 09:00,    6700.000
21/08/1987 09:00,    6700.000
22/08/1987 09:00,    6700.000
23/08/1987 09:00,    6600.000
27/08/1987 09:00,    6600.000
28/08/1987 09:00,    4800.000
29/08/1987 09:00,    4700.000
30/08/1987 09:00,    4700.000
31/08/1987 09:00,    4700.000
01/09/1987 09:00,    4700.000
02/09/1987 09:00,    5300.000
03/09/1987 09:00,    6600.000
07/09/1987 09:00,    6600.000
08/09/1987 09:00,    4700.000
09/09/1987 09:00,    2000.000
10/09/1987 09:00,     700.000
14/09/1987 09:00,     700.000
15/09/1987 09:00,     720.000
16/09/1987 09:00,    2100.000
20/09/1987 09:00,    2100.000
21/09/1987 09:00,    2200.000
22/09/1987 09:00,    2200.000
23/09/1987 09:00,    4200.000
24/09/1987 09:00,    4300.000
25/09/1987 09:00,    4400.000
26/09/1987 09:00,    4500.000
27/09/1987 09:00,    4500.000
28/09/1987 09:00,    4500.000
29/09/1987 09:00,    2800.000
30/09/1987 09:00,    2400.000
01/10/1987 09:00,    2500.000
02/10/1987 09:00,    2500.000
03/10/1987 09:00,    2600.000
04/10/1987 09:00,    2600.000
05/10/1987 09:00,    2600.000
06/10/1987 09:00,    2600.000
07/10/1987 09:00,    2900.000
08/10/1987 09:00,    3200.000
09/10/1987 09:00,    3100.000
10/10/1987 09:00,    2900.000
11/10/1987 09:00,    2300.000
12/10/1987 09:00,    2300.000
13/10/1987 09:00,    2300.000
14/10/1987 09:00,     600.000
19/10/1987 09:00,     600.000
20/10/1987 09:00,     180.000
22/10/1987 09:00,     100.000
23/10/1987 09:00,     900.000
24/10/1987 09:00,     900.000
25/10/1987 09:00,    1500.000
26/10/1987 09:00,    1500.000
27/10/1987 09:00,    1700.000
28/10/1987 09:00,    1800.000
29/10/1987 09:00,    2200.000
30/10/1987 09:00,    3900.000
31/10/1987 09:00,    3900.000
01/11/1987 09:00,    4400.000
02/11/1987 09:00,    3400.000
03/11/1987 09:00,    1400.000
04/11/1987 09:00,     900.000
05/11/1987 09:00,    1200.000
06/11/1987 09:00,    1500.000
07/11/1987 09:00,    3800.000
08/11/1987 09:00,    4000.000
09/11/1987 09:00,    3700.000
10/11/1987 09:00,    3700.000
11/11/1987 09:00,    3700.000
12/11/1987 09:00,    3700.000
13/11/1987 09:00,    3900.000
14/11/1987 09:00,    4000.000
15/11/1987 09:00,    4000.000
16/11/1987 09:00,    4000.000
17/11/1987 09:00,    4200.000
18/11/1987 09:00,    4200.000
19/11/1987 09:00,    4200.000
20/11/1987 09:00,    4200.000
21/11/1987 09:00,    3900.000
22/11/1987 09:00,    3900.000
23/11/1987 09:00,    3600.000
24/11/1987 09:00,    3600.000
25/11/1987 09:00,    3600.000
26/11/1987 09:00,    3600.000
27/11/1987 09:00,    3900.000
28/11/1987 09:00,    4100.000
29/11/1987 09:00,    4100.000
30/11/1987 09:00,    4100.000
01/12/1987 09:00,    4600.000
02/12/1987 09:00,    5000.000
03/12/1987 09:00,    5000.000
04/12/1987 09:00,    5000.000
05/12/1987 09:00,    4800.000
10/12/1987 09:00,    4800.000
11/12/1987 09:00,    4700.000
12/12/1987 09:00,    5000.000
13/12/1987 09:00,    5200.000
14/12/1987 09:00,    5000.000
15/12/1987 09:00,    4500.000
16/12/1987 09:00,    4500.000
17/12/1987 09:00,    4500.000
18/12/1987 09:00,    4500.000
19/12/1987 09:00,    4800.000
24/12/1987 09:00,    4800.000
25/12/1987 09:00,    5000.000
26/12/1987 09:00,    5000.000
27/12/1987 09:00,    5000.000
28/12/1987 09:00,    5000.000
29/12/1987 09:00,    4700.000
30/12/1987 09:00,    4500.000
31/12/1987 09:00,    4500.000
01/01/1988 09:00,    4700.000
02/01/1988 09:00,    4700.000
03/01/1988 09:00,    4700.000
04/01/1988 09:00,    4700.000
05/01/1988 09:00,    5000.000
06/01/1988 09:00,    5000.000
07/01/1988 09:00,    5200.000
08/01/1988 09:00,    5600.000
09/01/1988 09:00,    6100.000
10/01/1988 09:00,    6500.000
11/01/1988 09:00,    6500.000
12/01/1988 09:00,    6500.000
13/01/1988 09:00,    6300.000
14/01/1988 09:00,    5800.000
15/01/1988 09:00,    5600.000
16/01/1988 09:00,    5400.000
17/01/1988 09:00,    5100.000
18/01/1988 09:00,    5200.000
19/01/1988 09:00,    4800.000
20/01/1988 09:00,    4500.000
21/01/1988 09:00,    3300.000
22/01/1988 09:00,    3000.000
23/01/1988 09:00,    4000.000
24/01/1988 09:00,    4200.000
25/01/1988 09:00,    4200.000
26/01/1988 09:00,    4700.000
27/01/1988 09:00,    5400.000
28/01/1988 09:00,    5000.000
29/01/1988 09:00,    5000.000
30/01/1988 09:00,    5200.000
31/01/1988 09:00,    5200.000
01/02/1988 09:00,    5200.000
02/02/1988 09:00,    5800.000
03/02/1988 09:00,    5100.000
04/02/1988 09:00,    5600.000
05/02/1988 09:00,    5100.000
06/02/1988 09:00,    5100.000
07/02/1988 09:00,    5100.000
08/02/1988 09:00,    5800.000
09/02/1988 09:00,    3300.000
10/02/1988 09:00,    4400.000
11/02/1988 09:00,    4500.000
12/02/1988 09:00,    5200.000
18/02/1988 09:00,    5200.000
19/02/1988 09:00,    5300.000
20/02/1988 09:00,    5500.000
21/02/1988 09:00,    5700.000
22/02/1988 09:00,    5700.000
23/02/1988 09:00,    5400.000
24/02/1988 09:00,    5300.000
25/02/1988 09:00,    5200.000
26/02/1988 09:00,    5200.000
27/02/1988 09:00,    5200.000
28/02/1988 09:00,    5400.000
29/02/1988 09:00,    5300.000
01/03/1988 09:00,    4900.000
02/03/1988 09:00,    4900.000
03/03/1988 09:00,    5100.000
04/03/1988 09:00,    5000.000
05/03/1988 09:00,    5000.000
06/03/1988 09:00,    5000.000
07/03/1988 09:00,    5100.000
08/03/1988 09:00,    5100.000
09/03/1988 09:00,    5100.000
10/03/1988 09:00,    5100.000
11/03/1988 09:00,    5000.000
12/03/1988 09:00,    5000.000
13/03/1988 09:00,    5000.000
14/03/1988 09:00,    4900.000
15/03/1988 09:00,    4900.000
16/03/1988 09:00,    5000.000
17/03/1988 09:00,    5000.000
18/03/1988 09:00,    5000.000
19/03/1988 09:00,    4900.000
20/03/1988 09:00,    4900.000
21/03/1988 09:00,    5000.000
22/03/1988 09:00,    5000.000
23/03/1988 09:00,    5000.000
24/03/1988 09:00,    5100.000
25/03/1988 09:00,    5100.000
26/03/1988 09:00,    5000.000
27/03/1988 09:00,    5100.000
28/03/1988 09:00,    5100.000
29/03/1988 09:00,    5100.000
30/03/1988 09:00,    5000.000
31/03/1988 09:00,    5000.000
01/04/1988 09:00,    4800.000
02/04/1988 09:00,    4700.000
03/04/1988 09:00,    4700.000
04/04/1988 09:00,    4700.000
05/04/1988 09:00,    4400.000
06/04/1988 09:00,    4400.000
07/04/1988 09:00,    4200.000
08/04/1988 09:00,    4100.000
09/04/1988 09:00,    4000.000
10/04/1988 09:00,    3900.000
11/04/1988 09:00,    3900.000
12/04/1988 09:00,    3600.000
13/04/1988 09:00,     900.000
14/04/1988 09:00,     870.000
15/04/1988 09:00,     900.000
16/04/1988 09:00,     870.000
17/04/1988 09:00,     870.000
18/04/1988 09:00,     730.000
19/04/1988 09:00,     670.000
20/04/1988 09:00,     670.000
21/04/1988 09:00,     670.000
22/04/1988 09:00,     680.000
23/04/1988 09:00,     680.000
24/04/1988 09:00,     690.000
25/04/1988 09:00,     700.000
26/04/1988 09:00,     700.000
27/04/1988 09:00,     710.000
28/04/1988 09:00,     720.000
29/04/1988 09:00,     960.000
30/04/1988 09:00,    1200.000
01/05/1988 09:00,    1200.000
02/05/1988 09:00,    1200.000
03/05/1988 09:00,    1200.000
04/05/1988 09:00,    1400.000
05/05/1988 09:00,    1400.000
06/05/1988 09:00,     830.000
07/05/1988 09:00,     740.000
08/05/1988 09:00,     740.000
09/05/1988 09:00,     740.000
10/05/1988 09:00,     740.000
11/05/1988 09:00,     130.000
12/05/1988 09:00,    6600.000
13/05/1988 09:00,    3200.000
14/05/1988 09:00,     760.000
15/05/1988 09:00,     770.000
16/05/1988 09:00,     770.000
17/05/1988 09:00,     780.000
18/05/1988 09:00,     530.000
19/05/1988 09:00,     500.000
20/05/1988 09:00,     540.000
21/05/1988 09:00,     500.000
22/05/1988 09:00,     500.000
23/05/1988 09:00,     600.000
24/05/1988 09:00,     600.000
25/05/1988 09:00,     600.000
26/05/1988 09:00,     700.000
27/05/1988 09:00,     800.000
28/05/1988 09:00,     830.000
29/05/1988 09:00,     840.000
30/05/1988 09:00,     840.000
31/05/1988 09:00,     840.000
01/06/1988 09:00,     840.000
02/06/1988 09:00,     570.000
03/06/1988 09:00,     560.000
04/06/1988 09:00,     540.000
05/06/1988 09:00,     540.000
06/06/1988 09:00,     550.000
07/06/1988 09:00,     540.000
08/06/1988 09:00,     520.000
14/06/1988 09:00,     520.000
15/06/1988 09:00,     530.000
16/06/1988 09:00,    1500.000
17/06/1988 09:00,    3000.000
18/06/1988 09:00,    4400.000
19/06/1988 09:00,    4400.000
20/06/1988 09:00,    4400.000
21/06/1988 09:00,    4300.000
22/06/1988 09:00,    4300.000
23/06/1988 09:00,    4300.000
24/06/1988 09:00,    1500.000
25/06/1988 09:00,     720.000
26/06/1988 09:00,     710.000
27/06/1988 09:00,     700.000
28/06/1988 09:00,     700.000
29/06/1988 09:00,     690.000
30/06/1988 09:00,     690.000
01/07/1988 09:00,     690.000
02/07/1988 09:00,     680.000
03/07/1988 09:00,     680.000
04/07/1988 09:00,     680.000
05/07/1988 09:00,    3360.000
06/07/1988 09:00,    5930.000
07/07/1988 09:00,    6500.000
08/07/1988 09:00,    6900.000
09/07/1988 09:00,    5240.000
10/07/1988 09:00,    2690.000
11/07/1988 09:00,    2740.000
12/07/1988 09:00,    2770.000
13/07/1988 09:00,    2800.000
14/07/1988 09:00,    1427.000
15/07/1988 09:00,    1450.000
16/07/1988 09:00,    1510.000
17/07/1988 09:00,    1460.000
18/07/1988 09:00,    1470.000
19/07/1988 09:00,    1480.000
20/07/1988 09:00,    1493.000
21/07/1988 09:00,    4000.000
22/07/1988 09:00,    4370.000
23/07/1988 09:00,    4400.000
24/07/1988 09:00,    4300.000
25/07/1988 09:00,    4300.000
26/07/1988 09:00,    1200.000
27/07/1988 09:00,     720.000
28/07/1988 09:00,     710.000
29/07/1988 09:00,     710.000
30/07/1988 09:00,     690.000
31/07/1988 09:00,     690.000
01/08/1988 09:00,     680.000
02/08/1988 09:00,     680.000
03/08/1988 09:00,     670.000
04/08/1988 09:00,     670.000
05/08/1988 09:00,     660.000
09/08/1988 09:00,     660.000
10/08/1988 09:00,     650.000
11/08/1988 09:00,    2600.000
12/08/1988 09:00,    3200.000
13/08/1988 09:00,    3240.000
14/08/1988 09:00,    3280.000
15/08/1988 09:00,    3290.000
16/08/1988 09:00,    6280.000
17/08/1988 09:00,    6320.000
18/08/1988 09:00,    6300.000
19/08/1988 09:00,    6300.000
20/08/1988 09:00,    6280.000
21/08/1988 09:00,    6260.000
22/08/1988 09:00,    6270.000
23/08/1988 09:00,    6270.000
24/08/1988 09:00,    6270.000
25/08/1988 09:00,    6260.000
26/08/1988 09:00,    6260.000
27/08/1988 09:00,    6260.000
28/08/1988 09:00,    6280.000
29/08/1988 09:00,    6270.000
30/08/1988 09:00,    7430.000
31/08/1988 09:00,    7420.000
01/09/1988 09:00,    7420.000
02/09/1988 09:00,    7410.000
03/09/1988 09:00,    7500.000
04/09/1988 09:00,    7500.000
05/09/1988 09:00,    6470.000
06/09/1988 09:00,    6680.000
07/09/1988 09:00,    6840.000
08/09/1988 09:00,    7000.000
09/09/1988 09:00,    7010.000
10/09/1988 09:00,    6410.000
11/09/1988 09:00,    6390.000
15/09/1988 09:00,    6390.000
16/09/1988 09:00,    6410.000
17/09/1988 09:00,    6420.000
18/09/1988 09:00,    6420.000
19/09/1988 09:00,    6450.000
20/09/1988 09:00,    6440.000
21/09/1988 09:00,    6460.000
22/09/1988 09:00,    6470.000
23/09/1988 09:00,    6470.000
24/09/1988 09:00,    6450.000
25/09/1988 09:00,    6420.000
26/09/1988 09:00,    6380.000
27/09/1988 09:00,    6320.000
28/09/1988 09:00,    6300.000
29/09/1988 09:00,    6280.000
30/09/1988 09:00,    6280.000
01/10/1988 09:00,    6280.000
02/10/1988 09:00,    6270.000
03/10/1988 09:00,    6260.000
11/10/1988 09:00,    6260.000
12/10/1988 09:00,    6280.000
13/10/1988 09:00,    6350.000
14/10/1988 09:00,    6380.000
15/10/1988 09:00,    6420.000
16/10/1988 09:00,    6430.000
17/10/1988 09:00,    6440.000
18/10/1988 09:00,    5870.000
19/10/1988 09:00,    5310.000
20/10/1988 09:00,    4680.000
21/10/1988 09:00,    3230.000
22/10/1988 09:00,    3270.000
23/10/1988 09:00,    3280.000
24/10/1988 09:00,    3280.000
25/10/1988 09:00,    3300.000
26/10/1988 09:00,    3350.000
27/10/1988 09:00,    3370.000
28/10/1988 09:00,    3380.000
29/10/1988 09:00,    2580.000
30/10/1988 09:00,    2570.000
31/10/1988 09:00,    1740.000
01/11/1988 09:00,    3370.000
02/11/1988 09:00,    5640.000
03/11/1988 09:00,    5640.000
04/11/1988 09:00,    5620.000
05/11/1988 09:00,    6570.000
06/11/1988 09:00,    6560.000
07/11/1988 09:00,    6560.000
08/11/1988 09:00,    6550.000
09/11/1988 09:00,    6510.000
10/11/1988 09:00,    5590.000
11/11/1988 09:00,    4880.000
12/11/1988 09:00,    4880.000
13/11/1988 09:00,    4880.000
14/11/1988 09:00,    4890.000
15/11/1988 09:00,    4880.000
16/11/1988 09:00,    4130.000
17/11/1988 09:00,    3360.000
18/11/1988 09:00,    3360.000
19/11/1988 09:00,    2580.000
20/11/1988 09:00,    2580.000
21/11/1988 09:00,    3390.000
22/11/1988 09:00,    3390.000
23/11/1988 09:00,    4740.000
24/11/1988 09:00,    4670.000
25/11/1988 09:00,    4670.000
26/11/1988 09:00,    4670.000
27/11/1988 09:00,    4680.000
28/11/1988 09:00,    4680.000
29/11/1988 09:00,    5940.000
30/11/1988 09:00,    7090.000
01/12/1988 09:00,    7030.000
02/12/1988 09:00,    7010.000
03/12/1988 09:00,    7000.000
04/12/1988 09:00,    6970.000
05/12/1988 09:00,    6720.000
06/12/1988 09:00,    6040.000
07/12/1988 09:00,    5320.000
08/12/1988 09:00,    5320.000
09/12/1988 09:00,    5560.000
10/12/1988 09:00,    4050.000
11/12/1988 09:00,    3300.000
12/12/1988 09:00,    3040.000
13/12/1988 09:00,    3050.000
14/12/1988 09:00,    3060.000
15/12/1988 09:00,    3060.000
16/12/1988 09:00,    3860.000
17/12/1988 09:00,    4130.000
18/12/1988 09:00,    4640.000
19/12/1988 09:00,    5120.000
20/12/1988 09:00,    5120.000
21/12/1988 09:00,    5350.000
22/12/1988 09:00,    5360.000
23/12/1988 09:00,    5110.000
24/12/1988 09:00,    4880.000
25/12/1988 09:00,    4610.000
26/12/1988 09:00,    3850.000
27/12/1988 09:00,    3840.000
28/12/1988 09:00,    3060.000
29/12/1988 09:00,    1970.000
30/12/1988 09:00,     860.000
31/12/1988 09:00,     870.000
01/01/1989 09:00,    1440.000
02/01/1989 09:00,    1440.000
03/01/1989 09:00,    3070.000
04/01/1989 09:00,    3080.000
05/01/1989 09:00,    3940.000
06/01/1989 09:00,    4120.000
07/01/1989 09:00,    4880.000
08/01/1989 09:00,    4900.000
09/01/1989 09:00,    4910.000
10/01/1989 09:00,    4930.000
11/01/1989 09:00,    4930.000
12/01/1989 09:00,    4930.000
13/01/1989 09:00,    4930.000
14/01/1989 09:00,    4920.000
15/01/1989 09:00,    4920.000
16/01/1989 09:00,    4400.000
17/01/1989 09:00,    3900.000
18/01/1989 09:00,    3890.000
19/01/1989 09:00,    3890.000
20/01/1989 09:00,    3870.000
21/01/1989 09:00,    3870.000
22/01/1989 09:00,    3880.000
23/01/1989 09:00,    3880.000
24/01/1989 09:00,    4280.000
25/01/1989 09:00,    4420.000
26/01/1989 09:00,    5160.000
27/01/1989 09:00,    6640.000
28/01/1989 09:00,    6630.000
29/01/1989 09:00,    6620.000
30/01/1989 09:00,    6600.000
31/01/1989 09:00,    6570.000
01/02/1989 09:00,    6560.000
02/02/1989 09:00,    6530.000
03/02/1989 09:00,    6510.000
04/02/1989 09:00,    6490.000
05/02/1989 09:00,    6460.000
06/02/1989 09:00,    6430.000
07/02/1989 09:00,    6200.000
08/02/1989 09:00,    6160.000
09/02/1989 09:00,    6150.000
10/02/1989 09:00,    6130.000
11/02/1989 09:00,    6330.000
12/02/1989 09:00,    6500.000
13/02/1989 09:00,    6480.000
14/02/1989 09:00,    6430.000
15/02/1989 09:00,    6390.000
16/02/1989 09:00,    6360.000
17/02/1989 09:00,    6110.000
18/02/1989 09:00,    5670.000
19/02/1989 09:00,    5620.000
20/02/1989 09:00,    5580.000
21/02/1989 09:00,    5550.000
22/02/1989 09:00,    5340.000
23/02/1989 09:00,    5310.000
24/02/1989 09:00,    5300.000
25/02/1989 09:00,    5660.000
26/02/1989 09:00,    5610.000
27/02/1989 09:00,    5580.000
28/02/1989 09:00,    4740.000
01/03/1989 09:00,    4590.000
02/03/1989 09:00,    4510.000
03/03/1989 09:00,    4700.000
04/03/1989 09:00,    5060.000
05/03/1989 09:00,    5230.000
06/03/1989 09:00,    5390.000
07/03/1989 09:00,    5550.000
08/03/1989 09:00,    5510.000
09/03/1989 09:00,    5640.000
10/03/1989 09:00,    6000.000
11/03/1989 09:00,    6590.000
12/03/1989 09:00,    6530.000
13/03/1989 09:00,    6460.000
14/03/1989 09:00,    6290.000
15/03/1989 09:00,    5560.000
16/03/1989 09:00,    3680.000
17/03/1989 09:00,    2900.000
18/03/1989 09:00,    3160.000
19/03/1989 09:00,    4110.000
20/03/1989 09:00,    5330.000
21/03/1989 09:00,    6380.000
22/03/1989 09:00,    6330.000
23/03/1989 09:00,    6290.000
24/03/1989 09:00,    5940.000
25/03/1989 09:00,    5750.000
26/03/1989 09:00,    5580.000
27/03/1989 09:00,    5120.000
28/03/1989 09:00,    4820.000
29/03/1989 09:00,    4130.000
30/03/1989 09:00,    2010.000
31/03/1989 09:00,    1820.000
01/04/1989 09:00,     930.000
02/04/1989 09:00,     940.000
03/04/1989 09:00,     940.000
04/04/1989 09:00,     930.000
05/04/1989 09:00,     910.000
06/04/1989 09:00,     920.000
07/04/1989 09:00,     900.000
08/04/1989 09:00,     890.000
09/04/1989 09:00,     900.000
10/04/1989 09:00,     910.000
11/04/1989 09:00,     900.000
12/04/1989 09:00,     880.000
13/04/1989 09:00,     880.000
14/04/1989 09:00,     890.000
15/04/1989 09:00,     900.000
16/04/1989 09:00,     910.000
17/04/1989 09:00,     910.000
18/04/1989 09:00,     920.000
19/04/1989 09:00,     910.000
20/04/1989 09:00,     920.000
21/04/1989 09:00,     930.000
22/04/1989 09:00,     930.000
23/04/1989 09:00,     930.000
24/04/1989 09:00,     940.000
25/04/1989 09:00,     950.000
29/04/1989 09:00,     950.000
30/04/1989 09:00,     960.000
01/05/1989 09:00,     960.000
02/05/1989 09:00,     960.000
03/05/1989 09:00,     960.000
04/05/1989 09:00,    3300.000
05/05/1989 09:00,    6450.000
06/05/1989 09:00,    6890.000
07/05/1989 09:00,    6910.000
08/05/1989 09:00,    6930.000
09/05/1989 09:00,    6960.000
10/05/1989 09:00,    6960.000
11/05/1989 09:00,    6940.000
12/05/1989 09:00,    6950.000
13/05/1989 09:00,    6950.000
14/05/1989 09:00,    6960.000
15/05/1989 09:00,    6960.000
16/05/1989 09:00,    6980.000
17/05/1989 09:00,    6990.000
18/05/1989 09:00,    6980.000
19/05/1989 09:00,    6930.000
20/05/1989 09:00,    6890.000
21/05/1989 09:00,    6860.000
22/05/1989 09:00,    6810.000
23/05/1989 09:00,    6630.000
24/05/1989 09:00,    6430.000
25/05/1989 09:00,    6400.000
26/05/1989 09:00,    6370.000
27/05/1989 09:00,    6340.000
28/05/1989 09:00,    6260.000
29/05/1989 09:00,    6220.000
30/05/1989 09:00,    6140.000
31/05/1989 09:00,    6100.000
01/06/1989 09:00,    6060.000
02/06/1989 09:00,    6070.000
03/06/1989 09:00,    6040.000
04/06/1989 09:00,    5980.000
05/06/1989 09:00,    5960.000
06/06/1989 09:00,    5940.000
07/06/1989 09:00,    5930.000
08/06/1989 09:00,    5900.000
09/06/1989 09:00,    5900.000
10/06/1989 09:00,    5930.000
11/06/1989 09:00,    5930.000
12/06/1989 09:00,    5950.000
13/06/1989 09:00,    5960.000
14/06/1989 09:00,    5970.000
15/06/1989 09:00,    5990.000
16/06/1989 09:00,    6000.000
17/06/1989 09:00,    6000.000
18/06/1989 09:00,    6030.000
19/06/1989 09:00,    6050.000
20/06/1989 09:00,    6060.000
21/06/1989 09:00,    6080.000
22/06/1989 09:00,    6090.000
23/06/1989 09:00,    6090.000
24/06/1989 09:00,    7090.000
25/06/1989 09:00,    7040.000
26/06/1989 09:00,    7040.000
27/06/1989 09:00,    7050.000
28/06/1989 09:00,    7610.000
29/06/1989 09:00,    7600.000
30/06/1989 09:00,    7600.000
01/07/1989 09:00,    7600.000
02/07/1989 09:00,    7570.000
03/07/1989 09:00,    7570.000
04/07/1989 09:00,    7550.000
05/07/1989 09:00,    7550.000
06/07/1989 09:00,    7550.000
07/07/1989 09:00,    8570.000
08/07/1989 09:00,    8510.000
09/07/1989 09:00,    8510.000
10/07/1989 09:00,    8510.000
11/07/1989 09:00,    8520.000
12/07/1989 09:00,    8490.000
13/07/1989 09:00,    8490.000
14/07/1989 09:00,    8490.000
15/07/1989 09:00,    8470.000
16/07/1989 09:00,    8420.000
17/07/1989 09:00,    8420.000
18/07/1989 09:00,    8420.000
19/07/1989 09:00,    8410.000
20/07/1989 09:00,    8340.000
21/07/1989 09:00,    8310.000
22/07/1989 09:00,    8290.000
23/07/1989 09:00,    8260.000
24/07/1989 09:00,    8240.000
25/07/1989 09:00,    8210.000
26/07/1989 09:00,    8170.000
27/07/1989 09:00,    8140.000
28/07/1989 09:00,    8090.000
29/07/1989 09:00,    8070.000
30/07/1989 09:00,    8070.000
31/07/1989 09:00,    8070.000
01/08/1989 09:00,    8050.000
02/08/1989 09:00,    8040.000
03/08/1989 09:00,    8000.000
04/08/1989 09:00,    7970.000
05/08/1989 09:00,    7950.000
06/08/1989 09:00,    7930.000
07/08/1989 09:00,    7910.000
08/08/1989 09:00,    7930.000
09/08/1989 09:00,    7880.000
10/08/1989 09:00,    7900.000
11/08/1989 09:00,    7910.000
12/08/1989 09:00,    7860.000
13/08/1989 09:00,    7860.000
14/08/1989 09:00,    7910.000
15/08/1989 09:00,    7880.000
16/08/1989 09:00,    7840.000
17/08/1989 09:00,    7820.000
18/08/1989 09:00,    7750.000
19/08/1989 09:00,    7820.000
20/08/1989 09:00,    7820.000
21/08/1989 09:00,    7750.000
22/08/1989 09:00,    7630.000
23/08/1989 09:00,    7610.000
24/08/1989 09:00,    7590.000
25/08/1989 09:00,    7550.000
26/08/1989 09:00,    7550.000
27/08/1989 09:00,    7530.000
28/08/1989 09:00,    7590.000
29/08/1989 09:00,    7550.000
30/08/1989 09:00,    7610.000
31/08/1989 09:00,    7640.000
01/09/1989 09:00,    7240.000
02/09/1989 09:00,    7220.000
03/09/1989 09:00,    7220.000
04/09/1989 09:00,    7250.000
10/09/1989 09:00,    7250.000
11/09/1989 09:00,    7220.000
12/09/1989 09:00,    7220.000
13/09/1989 09:00,    7170.000
14/09/1989 09:00,    7140.000
15/09/1989 09:00,    7120.000
16/09/1989 09:00,    7120.000
17/09/1989 09:00,    7140.000
18/09/1989 09:00,    7140.000
19/09/1989 09:00,    7120.000
20/09/1989 09:00,    7570.000
21/09/1989 09:00,    7570.000
22/09/1989 09:00,    7570.000
23/09/1989 09:00,    7550.000
24/09/1989 09:00,    7550.000
25/09/1989 09:00,    7500.000
29/09/1989 09:00,    7500.000
30/09/1989 09:00,    7480.000
01/10/1989 09:00,    7480.000
02/10/1989 09:00,    7460.000
03/10/1989 09:00,    7440.000
04/10/1989 09:00,    7460.000
05/10/1989 09:00,    5530.000
06/10/1989 09:00,    5540.000
07/10/1989 09:00,    5540.000
08/10/1989 09:00,    5540.000
09/10/1989 09:00,    5510.000
10/10/1989 09:00,    5510.000
11/10/1989 09:00,    5510.000
12/10/1989 09:00,    5520.000
13/10/1989 09:00,    5520.000
14/10/1989 09:00,    5520.000
15/10/1989 09:00,    5570.000
16/10/1989 09:00,    5570.000
17/10/1989 09:00,    5580.000
18/10/1989 09:00,    5620.000
19/10/1989 09:00,    5660.000
20/10/1989 09:00,    5660.000
21/10/1989 09:00,    5670.000
22/10/1989 09:00,    5700.000
23/10/1989 09:00,    5700.000
24/10/1989 09:00,    5710.000
25/10/1989 09:00,    5740.000
26/10/1989 09:00,    5750.000
27/10/1989 09:00,    5760.000
28/10/1989 09:00,    5800.000
29/10/1989 09:00,    5080.000
30/10/1989 09:00,    5030.000
31/10/1989 09:00,    5070.000
01/11/1989 09:00,    5110.000
02/11/1989 09:00,    4140.000
03/11/1989 09:00,    4240.000
04/11/1989 09:00,    4440.000
05/11/1989 09:00,    4640.000
06/11/1989 09:00,    4850.000
07/11/1989 09:00,    3960.000
08/11/1989 09:00,     750.000
09/11/1989 09:00,     780.000
13/11/1989 09:00,     780.000
14/11/1989 09:00,    2990.000
15/11/1989 09:00,    2960.000
16/11/1989 09:00,    2960.000
17/11/1989 09:00,    2940.000
18/11/1989 09:00,    2920.000
19/11/1989 09:00,    2920.000
20/11/1989 09:00,    2920.000
21/11/1989 09:00,    2910.000
22/11/1989 09:00,    2900.000
23/11/1989 09:00,    2900.000
24/11/1989 09:00,    2900.000
25/11/1989 09:00,    2890.000
26/11/1989 09:00,    2880.000
27/11/1989 09:00,    2870.000
28/11/1989 09:00,    2850.000
29/11/1989 09:00,    2830.000
30/11/1989 09:00,    2830.000
01/12/1989 09:00,    2820.000
02/12/1989 09:00,    2800.000
03/12/1989 09:00,    2820.000
04/12/1989 09:00,    2800.000
05/12/1989 09:00,    2810.000
06/12/1989 09:00,    2810.000
07/12/1989 09:00,    2820.000
08/12/1989 09:00,    2850.000
09/12/1989 09:00,    2930.000
10/12/1989 09:00,    2950.000
11/12/1989 09:00,    2980.000
12/12/1989 09:00,    3030.000
13/12/1989 09:00,    2320.000
14/12/1989 09:00,    1590.000
15/12/1989 09:00,    1600.000
16/12/1989 09:00,    1620.000
17/12/1989 09:00,    1630.000
18/12/1989 09:00,     860.000
19/12/1989 09:00,     860.000
20/12/1989 09:00,     860.000
21/12/1989 09:00,     860.000
22/12/1989 09:00,     870.000
23/12/1989 09:00,     870.000
24/12/1989 09:00,     870.000
25/12/1989 09:00,     870.000
26/12/1989 09:00,    1710.000
27/12/1989 09:00,    1709.000
28/12/1989 09:00,    1710.000
29/12/1989 09:00,    1710.000
30/12/1989 09:00,    1710.000
31/12/1989 09:00,    1720.000
01/01/1990 09:00,    1720.000
02/01/1990 09:00,    1720.000
03/01/1990 09:00,    2550.000
04/01/1990 09:00,    3360.000
05/01/1990 09:00,    3620.000
06/01/1990 09:00,    3620.000
07/01/1990 09:00,    3620.000
08/01/1990 09:00,    3620.000
09/01/1990 09:00,    3600.000
10/01/1990 09:00,    3600.000
11/01/1990 09:00,    3070.000
12/01/1990 09:00,    2810.000
13/01/1990 09:00,    2800.000
14/01/1990 09:00,    2800.000
15/01/1990 09:00,    2800.000
16/01/1990 09:00,    3060.000
17/01/1990 09:00,    3060.000
18/01/1990 09:00,    3370.000
19/01/1990 09:00,    1450.000
20/01/1990 09:00,    1420.000
21/01/1990 09:00,     570.000
02/02/1990 09:00,     570.000
03/02/1990 09:00,     560.000
04/02/1990 09:00,     560.000
05/02/1990 09:00,     560.000
06/02/1990 09:00,     840.000
07/02/1990 09:00,     840.000
08/02/1990 09:00,    1110.000
09/02/1990 09:00,    1380.000
10/02/1990 09:00,    1650.000
11/02/1990 09:00,    1640.000
12/02/1990 09:00,    1370.000
13/02/1990 09:00,     830.000
14/02/1990 09:00,     550.000
15/02/1990 09:00,     550.000
16/02/1990 09:00,     560.000
17/02/1990 09:00,     560.000
18/02/1990 09:00,     560.000
19/02/1990 09:00,    1380.000
20/02/1990 09:00,    1370.000
21/02/1990 09:00,    1100.000
22/02/1990 09:00,    1110.000
23/02/1990 09:00,    1380.000
24/02/1990 09:00,     830.000
25/02/1990 09:00,     560.000
26/02/1990 09:00,     560.000
27/02/1990 09:00,     560.000
28/02/1990 09:00,     560.000
01/03/1990 09:00,     570.000
02/03/1990 09:00,     570.000
03/03/1990 09:00,     580.000
04/03/1990 09:00,     620.000
05/03/1990 09:00,     580.000
06/03/1990 09:00,     580.000
07/03/1990 09:00,     300.000
08/03/1990 09:00,     600.000
09/03/1990 09:00,    1760.000
10/03/1990 09:00,    3400.000
11/03/1990 09:00,    4410.000
12/03/1990 09:00,    3890.000
13/03/1990 09:00,    3110.000
14/03/1990 09:00,    3110.000
15/03/1990 09:00,    3120.000
16/03/1990 09:00,    4150.000
17/03/1990 09:00,    4640.000
18/03/1990 09:00,    4630.000
19/03/1990 09:00,    4630.000
20/03/1990 09:00,    3870.000
21/03/1990 09:00,    3860.000
22/03/1990 09:00,    3330.000
23/03/1990 09:00,    3320.000
24/03/1990 09:00,    3060.000
25/03/1990 09:00,    3310.000
26/03/1990 09:00,    3800.000
27/03/1990 09:00,    4280.000
28/03/1990 09:00,    4260.000
29/03/1990 09:00,    4010.000
30/03/1990 09:00,    3750.000
31/03/1990 09:00,    4080.000
01/04/1990 09:00,    4080.000
02/04/1990 09:00,    4330.000
03/04/1990 09:00,    3940.000
04/04/1990 09:00,    3940.000
05/04/1990 09:00,    3920.000
06/04/1990 09:00,    3910.000
07/04/1990 09:00,    3900.000
08/04/1990 09:00,    3870.000
09/04/1990 09:00,    3860.000
10/04/1990 09:00,    3850.000
11/04/1990 09:00,    3860.000
12/04/1990 09:00,    3840.000
13/04/1990 09:00,    3840.000
14/04/1990 09:00,    3820.000
15/04/1990 09:00,    3820.000
16/04/1990 09:00,    3810.000
17/04/1990 09:00,    3350.000
18/04/1990 09:00,    3360.000
19/04/1990 09:00,    2885.000
20/04/1990 09:00,    2890.000
21/04/1990 09:00,    4930.000
22/04/1990 09:00,    6340.000
23/04/1990 09:00,    6540.000
24/04/1990 09:00,    6260.000
25/04/1990 09:00,    6130.000
26/04/1990 09:00,    6100.000
27/04/1990 09:00,    5960.000
28/04/1990 09:00,    6680.000
29/04/1990 09:00,    6930.000
30/04/1990 09:00,    7050.000
01/05/1990 09:00,    6910.000
02/05/1990 09:00,    6770.000
03/05/1990 09:00,    6930.000
04/05/1990 09:00,    6820.000
05/05/1990 09:00,    6930.000
06/05/1990 09:00,    6670.000
07/05/1990 09:00,    6500.000
08/05/1990 09:00,    6380.000
09/05/1990 09:00,    6270.000
10/05/1990 09:00,    6010.000
11/05/1990 09:00,    5890.000
12/05/1990 09:00,    5840.000
13/05/1990 09:00,    5730.000
14/05/1990 09:00,    5640.000
15/05/1990 09:00,    5600.000
16/05/1990 09:00,    5560.000
17/05/1990 09:00,    5600.000
18/05/1990 09:00,    5520.000
19/05/1990 09:00,    5250.000
20/05/1990 09:00,    5410.000
21/05/1990 09:00,    5410.000
22/05/1990 09:00,    5350.000
23/05/1990 09:00,    5330.000
24/05/1990 09:00,    5230.000
25/05/1990 09:00,    5100.000
26/05/1990 09:00,    5010.000
27/05/1990 09:00,    4980.000
28/05/1990 09:00,    4980.000
29/05/1990 09:00,    4590.000
30/05/1990 09:00,     880.000
03/06/1990 09:00,     880.000
04/06/1990 09:00,     890.000
05/06/1990 09:00,     880.000
06/06/1990 09:00,     860.000
07/06/1990 09:00,     870.000
08/06/1990 09:00,     840.000
09/06/1990 09:00,     830.000
10/06/1990 09:00,     810.000
11/06/1990 09:00,     800.000
12/06/1990 09:00,     800.000
13/06/1990 09:00,     770.000
14/06/1990 09:00,     770.000
15/06/1990 09:00,     770.000
16/06/1990 09:00,     780.000
17/06/1990 09:00,     790.000
18/06/1990 09:00,     820.000
19/06/1990 09:00,     830.000
23/06/1990 09:00,     910.000
24/06/1990 09:00,     780.000
25/06/1990 09:00,     780.000
26/06/1990 09:00,     800.000
27/06/1990 09:00,     820.000
28/06/1990 09:00,     830.000
29/06/1990 09:00,     840.000
30/06/1990 09:00,     860.000
01/07/1990 09:00,     870.000
02/07/1990 09:00,     870.000
03/07/1990 09:00,     890.000
04/07/1990 09:00,     900.000
05/07/1990 09:00,     730.000
10/07/1990 09:00,     780.000
11/07/1990 09:00,     780.000
12/07/1990 09:00,     790.000
13/07/1990 09:00,     800.000
14/07/1990 09:00,     800.000
15/07/1990 09:00,     790.000
16/07/1990 09:00,     790.000
17/07/1990 09:00,     760.000
21/07/1990 09:00,     720.000
22/07/1990 09:00,     730.000
29/07/1990 09:00,     730.000
30/07/1990 09:00,     740.000
08/08/1990 09:00,     740.000
09/08/1990 09:00,     750.000
10/08/1990 09:00,     750.000
11/08/1990 09:00,     750.000
12/08/1990 09:00,     750.000
13/08/1990 09:00,     760.000
14/08/1990 09:00,     750.000
15/08/1990 09:00,     760.000
16/08/1990 09:00,    4480.000
17/08/1990 09:00,    6060.000
18/08/1990 09:00,    5930.000
19/08/1990 09:00,    5870.000
20/08/1990 09:00,    5840.000
21/08/1990 09:00,    5820.000
22/08/1990 09:00,    5780.000
23/08/1990 09:00,    5750.000
24/08/1990 09:00,    5720.000
25/08/1990 09:00,    5700.000
26/08/1990 09:00,    5660.000
27/08/1990 09:00,    5630.000
28/08/1990 09:00,    5610.000
29/08/1990 09:00,    6060.000
30/08/1990 09:00,    6000.000
31/08/1990 09:00,    6000.000
01/09/1990 09:00,    5940.000
02/09/1990 09:00,    5920.000
03/09/1990 09:00,    5890.000
04/09/1990 09:00,    6300.000
05/09/1990 09:00,    6270.000
06/09/1990 09:00,    6220.000
07/09/1990 09:00,    6200.000
08/09/1990 09:00,    6180.000
09/09/1990 09:00,    6980.000
10/09/1990 09:00,    6940.000
11/09/1990 09:00,    6920.000
12/09/1990 09:00,    6860.000
13/09/1990 09:00,    6840.000
14/09/1990 09:00,    6800.000
15/09/1990 09:00,    6780.000
16/09/1990 09:00,    6780.000
17/09/1990 09:00,    6800.000
18/09/1990 09:00,    6780.000
19/09/1990 09:00,    8360.000
20/09/1990 09:00,    9960.000
21/09/1990 09:00,   10300.000
22/09/1990 09:00,    9830.000
23/09/1990 09:00,    9380.000
24/09/1990 09:00,    9220.000
25/09/1990 09:00,    9980.000
26/09/1990 09:00,    9840.000
27/09/1990 09:00,    9260.000
29/09/1990 09:00,    8570.000
30/09/1990 09:00,    8035.000
01/10/1990 09:00,    7750.000
02/10/1990 09:00,    7040.000
03/10/1990 09:00,    4150.000
04/10/1990 09:00,    1220.000
05/10/1990 09:00,    1240.000
06/10/1990 09:00,    1260.000
30/10/1990 09:00,    2340.000
31/10/1990 09:00,    2340.000
01/11/1990 09:00,    2350.000
02/11/1990 09:00,    5530.000
03/11/1990 09:00,    5960.000
04/11/1990 09:00,    6000.000
05/11/1990 09:00,    6000.000
06/11/1990 09:00,    4690.000
07/11/1990 09:00,    4680.000
08/11/1990 09:00,    4720.000
09/11/1990 09:00,    4780.000
10/11/1990 09:00,    4770.000
11/11/1990 09:00,    4840.000
12/11/1990 09:00,    4900.000
13/11/1990 09:00,    4970.000
14/11/1990 09:00,    4020.000
15/11/1990 09:00,    3090.000
16/11/1990 09:00,    3140.000
17/11/1990 09:00,    3190.000
18/11/1990 09:00,    3250.000
19/11/1990 09:00,    3320.000
20/11/1990 09:00,    3370.000
21/11/1990 09:00,    3440.000
22/11/1990 09:00,    3460.000
23/11/1990 09:00,    3490.000
24/11/1990 09:00,    2960.000
25/11/1990 09:00,    2970.000
26/11/1990 09:00,    3000.000
27/11/1990 09:00,    3040.000
29/11/1990 09:00,    3090.000
30/11/1990 09:00,    3110.000
01/12/1990 09:00,    3120.000
02/12/1990 09:00,    3140.000
03/12/1990 09:00,    3170.000
04/12/1990 09:00,    3210.000
05/12/1990 09:00,    3900.000
06/12/1990 09:00,    3950.000
07/12/1990 09:00,    4020.000
08/12/1990 09:00,    4100.000
09/12/1990 09:00,    4120.000
10/12/1990 09:00,    4160.000
11/12/1990 09:00,    4190.000
12/12/1990 09:00,    4250.000
13/12/1990 09:00,    4330.000
14/12/1990 09:00,    4370.000
15/12/1990 09:00,    4430.000
16/12/1990 09:00,    4450.000
17/12/1990 09:00,    4510.000
18/12/1990 09:00,    4580.000
19/12/1990 09:00,    3180.000
20/12/1990 09:00,    3050.000
21/12/1990 09:00,    1400.000
22/12/1990 09:00,    1410.000
23/12/1990 09:00,    2490.000
24/12/1990 09:00,    2500.000
25/12/1990 09:00,    3310.000
26/12/1990 09:00,    3320.000
27/12/1990 09:00,    4070.000
28/12/1990 09:00,    4070.000
29/12/1990 09:00,    4070.000
30/12/1990 09:00,    4090.000
31/12/1990 09:00,    4090.000
01/01/1991 09:00,    4110.000
02/01/1991 09:00,    4120.000
03/01/1991 09:00,    4120.000
04/01/1991 09:00,    4120.000
05/01/1991 09:00,    4130.000
06/01/1991 09:00,    4120.000
07/01/1991 09:00,    4120.000
08/01/1991 09:00,    4100.000
09/01/1991 09:00,    4090.000
10/01/1991 09:00,    4090.000
11/01/1991 09:00,    4090.000
12/01/1991 09:00,    4110.000
13/01/1991 09:00,    4110.000
14/01/1991 09:00,    4110.000
15/01/1991 09:00,    4110.000
16/01/1991 09:00,    4120.000
17/01/1991 09:00,    4120.000
18/01/1991 09:00,    4130.000
19/01/1991 09:00,    4130.000
20/01/1991 09:00,    4130.000
21/01/1991 09:00,    4120.000
22/01/1991 09:00,    2560.000
23/01/1991 09:00,    2560.000
24/01/1991 09:00,    2560.000
25/01/1991 09:00,    3320.000
26/01/1991 09:00,    4150.000
27/01/1991 09:00,    4810.000
28/01/1991 09:00,    4820.000
29/01/1991 09:00,    4840.000
30/01/1991 09:00,    4870.000
31/01/1991 09:00,    4880.000
01/02/1991 09:00,    4920.000
02/02/1991 09:00,    4920.000
03/02/1991 09:00,    4920.000
04/02/1991 09:00,    4920.000
05/02/1991 09:00,    5670.000
06/02/1991 09:00,    5900.000
07/02/1991 09:00,    5890.000
08/02/1991 09:00,    6350.000
09/02/1991 09:00,    6810.000
10/02/1991 09:00,    6810.000
11/02/1991 09:00,    6550.000
12/02/1991 09:00,    6770.000
13/02/1991 09:00,    7430.000
14/02/1991 09:00,    7380.000
15/02/1991 09:00,    7340.000
16/02/1991 09:00,    7080.000
17/02/1991 09:00,    7060.000
18/02/1991 09:00,    7030.000
19/02/1991 09:00,    6800.000
20/02/1991 09:00,    6760.000
21/02/1991 09:00,    6950.000
22/02/1991 09:00,    6720.000
23/02/1991 09:00,    6870.000
24/02/1991 09:00,    6840.000
25/02/1991 09:00,    7230.000
26/02/1991 09:00,    7770.000
27/02/1991 09:00,    7340.000
28/02/1991 09:00,    7700.000
01/03/1991 09:00,    7640.000
02/03/1991 09:00,    7560.000
03/03/1991 09:00,    7500.000
04/03/1991 09:00,    7440.000
05/03/1991 09:00,    7370.000
06/03/1991 09:00,    7370.000
07/03/1991 09:00,    7360.000
08/03/1991 09:00,    7240.000
09/03/1991 09:00,    7310.000
10/03/1991 09:00,    7620.000
11/03/1991 09:00,    7870.000
12/03/1991 09:00,    7780.000
13/03/1991 09:00,    7680.000
14/03/1991 09:00,    7580.000
15/03/1991 09:00,    7520.000
16/03/1991 09:00,    6760.000
17/03/1991 09:00,    6690.000
18/03/1991 09:00,    6980.000
19/03/1991 09:00,    6910.000
20/03/1991 09:00,    6820.000
21/03/1991 09:00,    6810.000
22/03/1991 09:00,    6820.000
23/03/1991 09:00,    6990.000
24/03/1991 09:00,    7100.000
25/03/1991 09:00,    7000.000
26/03/1991 09:00,    6880.000
27/03/1991 09:00,    6010.000
28/03/1991 09:00,    5960.000
29/03/1991 09:00,    5690.000
30/03/1991 09:00,    5690.000
31/03/1991 09:00,    5660.000
01/04/1991 09:00,    5460.000
02/04/1991 09:00,    5420.000
03/04/1991 09:00,    5400.000
04/04/1991 09:00,    5350.000
05/04/1991 09:00,    5300.000
06/04/1991 09:00,    5260.000
07/04/1991 09:00,    5290.000
08/04/1991 09:00,    5180.000
09/04/1991 09:00,    5050.000
10/04/1991 09:00,    4430.000
11/04/1991 09:00,    4710.000
12/04/1991 09:00,    4680.000
13/04/1991 09:00,    4680.000
14/04/1991 09:00,    4620.000
15/04/1991 09:00,    4610.000
16/04/1991 09:00,    5024.000
17/04/1991 09:00,    5060.000
18/04/1991 09:00,    4990.000
19/04/1991 09:00,    4610.000
20/04/1991 09:00,    4500.000
21/04/1991 09:00,    4430.000
22/04/1991 09:00,    4650.000
23/04/1991 09:00,    4430.000
24/04/1991 09:00,    3660.000
25/04/1991 09:00,    3940.000
26/04/1991 09:00,    3830.000
27/04/1991 09:00,    4380.000
28/04/1991 09:00,    4510.000
29/04/1991 09:00,    4620.000
30/04/1991 09:00,    4640.000
01/05/1991 09:00,    4590.000
02/05/1991 09:00,    4380.000
03/05/1991 09:00,    4080.000
04/05/1991 09:00,    3840.000
05/05/1991 09:00,    3600.000
06/05/1991 09:00,    3190.000
07/05/1991 09:00,    2910.000
08/05/1991 09:00,    2930.000
09/05/1991 09:00,    2960.000
10/05/1991 09:00,    2990.000
11/05/1991 09:00,    3660.000
12/05/1991 09:00,    3840.000
13/05/1991 09:00,    4040.000
14/05/1991 09:00,    4210.000
15/05/1991 09:00,    4370.000
16/05/1991 09:00,    4120.000
17/05/1991 09:00,    4260.000
18/05/1991 09:00,    4460.000
19/05/1991 09:00,    4600.000
20/05/1991 09:00,    3380.000
21/05/1991 09:00,    2660.000
22/05/1991 09:00,    1870.000
23/05/1991 09:00,     690.000
24/05/1991 09:00,    1540.000
25/05/1991 09:00,    2710.000
26/05/1991 09:00,    3590.000
27/05/1991 09:00,    3590.000
28/05/1991 09:00,    3430.000
29/05/1991 09:00,    3260.000
30/05/1991 09:00,    3090.000
31/05/1991 09:00,    3090.000
01/06/1991 09:00,    2720.000
02/06/1991 09:00,    2340.000
03/06/1991 09:00,    1960.000
04/06/1991 09:00,    1650.000
05/06/1991 09:00,    1780.000
06/06/1991 09:00,    1580.000
07/06/1991 09:00,    1160.000
08/06/1991 09:00,    1160.000
09/06/1991 09:00,    1170.000
10/06/1991 09:00,    1170.000
11/06/1991 09:00,     830.000
12/06/1991 09:00,     960.000
13/06/1991 09:00,     730.000
14/06/1991 09:00,    1200.000
15/06/1991 09:00,    1430.000
16/06/1991 09:00,    1430.000
17/06/1991 09:00,    1660.000
18/06/1991 09:00,    1660.000
19/06/1991 09:00,    1670.000
20/06/1991 09:00,    1450.000
21/06/1991 09:00,     990.000
22/06/1991 09:00,     750.000
23/06/1991 09:00,     760.000
24/06/1991 09:00,     760.000
25/06/1991 09:00,     720.000
26/06/1991 09:00,     760.000
27/06/1991 09:00,     770.000
28/06/1991 09:00,     770.000
29/06/1991 09:00,     780.000
30/06/1991 09:00,     780.000
01/07/1991 09:00,     770.000
02/07/1991 09:00,     770.000
03/07/1991 09:00,     780.000
04/07/1991 09:00,     780.000
05/07/1991 09:00,     790.000
06/07/1991 09:00,     790.000
07/07/1991 09:00,     800.000
08/07/1991 09:00,     810.000
09/07/1991 09:00,     810.000
10/07/1991 09:00,    1860.000
11/07/1991 09:00,    2360.000
12/07/1991 09:00,    4660.000
13/07/1991 09:00,    7240.000
14/07/1991 09:00,    7240.000
15/07/1991 09:00,    7210.000
16/07/1991 09:00,    7160.000
17/07/1991 09:00,    6120.000
18/07/1991 09:00,    5500.000
19/07/1991 09:00,    5400.000
20/07/1991 09:00,    5260.000
21/07/1991 09:00,    5310.000
22/07/1991 09:00,    5290.000
23/07/1991 09:00,    5160.000
24/07/1991 09:00,    6730.000
25/07/1991 09:00,    6910.000
26/07/1991 09:00,    6950.000
27/07/1991 09:00,    6990.000
28/07/1991 09:00,    6900.000
29/07/1991 09:00,    6860.000
30/07/1991 09:00,    6790.000
31/07/1991 09:00,    6700.000
01/08/1991 09:00,    6770.000
02/08/1991 09:00,    6660.000
03/08/1991 09:00,    6630.000
04/08/1991 09:00,    6590.000
05/08/1991 09:00,    6560.000
06/08/1991 09:00,    3970.000
07/08/1991 09:00,     820.000
08/08/1991 09:00,     840.000
09/08/1991 09:00,     890.000
10/08/1991 09:00,     980.000
11/08/1991 09:00,    2470.000
12/08/1991 09:00,    2700.000
13/08/1991 09:00,    2940.000
14/08/1991 09:00,    4610.000
15/08/1991 09:00,    4610.000
16/08/1991 09:00,    4620.000
17/08/1991 09:00,    4620.000
18/08/1991 09:00,    4640.000
19/08/1991 09:00,    4660.000
20/08/1991 09:00,    4680.000
21/08/1991 09:00,    4670.000
22/08/1991 09:00,    5480.000
23/08/1991 09:00,    5480.000
24/08/1991 09:00,    5090.000
25/08/1991 09:00,    5120.000
26/08/1991 09:00,    4090.000
27/08/1991 09:00,    2110.000
28/08/1991 09:00,     720.000
29/08/1991 09:00,     710.000
30/08/1991 09:00,     710.000
31/08/1991 09:00,     710.000
01/09/1991 09:00,     720.000
08/09/1991 09:00,     720.000
09/09/1991 09:00,     730.000
10/09/1991 09:00,     720.000
14/09/1991 09:00,     720.000
15/09/1991 09:00,     730.000
16/09/1991 09:00,     730.000
17/09/1991 09:00,    3600.000
18/09/1991 09:00,    6710.000
19/09/1991 09:00,    3470.000
20/09/1991 09:00,    3000.000
21/09/1991 09:00,    2990.000
22/09/1991 09:00,    2990.000
23/09/1991 09:00,    3000.000
24/09/1991 09:00,    2540.000
25/09/1991 09:00,    2540.000
26/09/1991 09:00,    2540.000
27/09/1991 09:00,    2530.000
28/09/1991 09:00,    4740.000
29/09/1991 09:00,    4740.000
30/09/1991 09:00,    4720.000
01/10/1991 09:00,    4720.000
02/10/1991 09:00,    4710.000
03/10/1991 09:00,    4670.000
04/10/1991 09:00,    4660.000
05/10/1991 09:00,    4600.000
06/10/1991 09:00,    4610.000
07/10/1991 09:00,    5260.000
08/10/1991 09:00,    5256.000
09/10/1991 09:00,    7030.000
10/10/1991 09:00,    6900.000
11/10/1991 09:00,    7930.000
12/10/1991 09:00,    7920.000
13/10/1991 09:00,    7810.000
14/10/1991 09:00,    7780.000
15/10/1991 09:00,    7580.000
16/10/1991 09:00,    7510.000
17/10/1991 09:00,    7470.000
18/10/1991 09:00,    5820.000
19/10/1991 09:00,    5810.000
20/10/1991 09:00,    5800.000
21/10/1991 09:00,    5540.000
22/10/1991 09:00,    5340.000
23/10/1991 09:00,    5330.000
24/10/1991 09:00,    5320.000
25/10/1991 09:00,    4790.000
26/10/1991 09:00,    4780.000
27/10/1991 09:00,    4610.000
28/10/1991 09:00,    4400.000
29/10/1991 09:00,    4220.000
30/10/1991 09:00,    3850.000
31/10/1991 09:00,    3660.000
01/11/1991 09:00,    3490.000
02/11/1991 09:00,    3330.000
03/11/1991 09:00,    3130.000
04/11/1991 09:00,    2960.000
05/11/1991 09:00,    2780.000
06/11/1991 09:00,     820.000
10/11/1991 09:00,     860.000
11/11/1991 09:00,     880.000
12/11/1991 09:00,     930.000
13/11/1991 09:00,     970.000
14/11/1991 09:00,    1030.000
15/11/1991 09:00,    3230.000
16/11/1991 09:00,    4900.000
17/11/1991 09:00,    4910.000
18/11/1991 09:00,    4940.000
19/11/1991 09:00,    4980.000
20/11/1991 09:00,    6680.000
21/11/1991 09:00,    6910.000
22/11/1991 09:00,    4930.000
23/11/1991 09:00,    3890.000
24/11/1991 09:00,    4940.000
25/11/1991 09:00,    6140.000
26/11/1991 09:00,    6590.000
27/11/1991 09:00,    6570.000
28/11/1991 09:00,    6050.000
29/11/1991 09:00,    4850.000
30/11/1991 09:00,    3300.000
01/12/1991 09:00,    2520.000
02/12/1991 09:00,    2790.000
03/12/1991 09:00,    3070.000
04/12/1991 09:00,    1970.000
05/12/1991 09:00,     570.000
06/12/1991 09:00,     570.000
07/12/1991 09:00,     570.000
08/12/1991 09:00,     570.000
09/12/1991 09:00,     860.000
10/12/1991 09:00,    2770.000
11/12/1991 09:00,    4290.000
12/12/1991 09:00,    4270.000
13/12/1991 09:00,    3770.000
14/12/1991 09:00,    3260.000
15/12/1991 09:00,    2740.000
16/12/1991 09:00,    3250.000
17/12/1991 09:00,    3780.000
18/12/1991 09:00,    5670.000
19/12/1991 09:00,    5660.000
20/12/1991 09:00,    5660.000
21/12/1991 09:00,    5640.000
22/12/1991 09:00,    5400.000
23/12/1991 09:00,    5430.000
24/12/1991 09:00,    6540.000
25/12/1991 09:00,    6740.000
26/12/1991 09:00,    6750.000
27/12/1991 09:00,    6730.000
28/12/1991 09:00,    6070.000
29/12/1991 09:00,    6500.000
30/12/1991 09:00,    6500.000
31/12/1991 09:00,    3980.000
01/01/1992 09:00,    2700.000
02/01/1992 09:00,    2730.000
03/01/1992 09:00,    2930.000
04/01/1992 09:00,    1950.000
05/01/1992 09:00,    1140.000
06/01/1992 09:00,    3630.000
07/01/1992 09:00,    1150.000
08/01/1992 09:00,    3045.000
09/01/1992 09:00,    4070.000
10/01/1992 09:00,    5300.000
11/01/1992 09:00,    5750.000
12/01/1992 09:00,    5750.000
13/01/1992 09:00,    5730.000
14/01/1992 09:00,    5720.000
15/01/1992 09:00,    5730.000
16/01/1992 09:00,    5490.000
17/01/1992 09:00,    4770.000
21/01/1992 09:00,    4770.000
22/01/1992 09:00,    4760.000
23/01/1992 09:00,    5010.000
24/01/1992 09:00,    6070.000
25/01/1992 09:00,    6460.000
26/01/1992 09:00,    6450.000
27/01/1992 09:00,    6640.000
28/01/1992 09:00,    6700.000
29/01/1992 09:00,    6930.000
30/01/1992 09:00,    7100.000
31/01/1992 09:00,    6660.000
01/02/1992 09:00,    6830.000
02/02/1992 09:00,    6960.000
03/02/1992 09:00,    6910.000
04/02/1992 09:00,    6490.000
05/02/1992 09:00,    6460.000
06/02/1992 09:00,    6420.000
07/02/1992 09:00,    5850.000
08/02/1992 09:00,    5800.000
09/02/1992 09:00,    5390.000
10/02/1992 09:00,    4980.000
11/02/1992 09:00,    4340.000
12/02/1992 09:00,    3910.000
13/02/1992 09:00,    3680.000
14/02/1992 09:00,    3670.000
15/02/1992 09:00,    3360.000
16/02/1992 09:00,    3430.000
17/02/1992 09:00,    2960.000
18/02/1992 09:00,    2270.000
19/02/1992 09:00,    2280.000
20/02/1992 09:00,    2510.000
21/02/1992 09:00,    2510.000
22/02/1992 09:00,    2740.000
23/02/1992 09:00,    2730.000
24/02/1992 09:00,    2730.000
25/02/1992 09:00,    3390.000
26/02/1992 09:00,    3590.000
27/02/1992 09:00,    3160.000
28/02/1992 09:00,    2710.000
29/02/1992 09:00,    2000.000
01/03/1992 09:00,    2010.000
02/03/1992 09:00,    1780.000
03/03/1992 09:00,    2030.000
04/03/1992 09:00,    3210.000
05/03/1992 09:00,    4080.000
06/03/1992 09:00,    4910.000
07/03/1992 09:00,    4890.000
08/03/1992 09:00,    4860.000
09/03/1992 09:00,    4860.000
10/03/1992 09:00,    4850.000
11/03/1992 09:00,    4840.000
12/03/1992 09:00,    4810.000
13/03/1992 09:00,    4610.000
14/03/1992 09:00,    4570.000
15/03/1992 09:00,    4360.000
16/03/1992 09:00,    4110.000
17/03/1992 09:00,    4100.000
18/03/1992 09:00,    4290.000
19/03/1992 09:00,    4700.000
20/03/1992 09:00,    5050.000
21/03/1992 09:00,    5020.000
22/03/1992 09:00,    4990.000
23/03/1992 09:00,    4820.000
24/03/1992 09:00,    4610.000
25/03/1992 09:00,    4580.000
26/03/1992 09:00,    4380.000
27/03/1992 09:00,    4190.000
28/03/1992 09:00,    3990.000
29/03/1992 09:00,    3980.000
30/03/1992 09:00,    4160.000
31/03/1992 09:00,    4140.000
01/04/1992 09:00,    4120.000
02/04/1992 09:00,    4110.000
03/04/1992 09:00,    4110.000
04/04/1992 09:00,    4100.000
05/04/1992 09:00,    4080.000
06/04/1992 09:00,    4060.000
07/04/1992 09:00,    4050.000
08/04/1992 09:00,    3860.000
09/04/1992 09:00,    3660.000
10/04/1992 09:00,    3650.000
11/04/1992 09:00,    3640.000
12/04/1992 09:00,    3630.000
13/04/1992 09:00,    3630.000
14/04/1992 09:00,    2870.000
15/04/1992 09:00,    2680.000
16/04/1992 09:00,    2470.000
20/04/1992 09:00,    2470.000
21/04/1992 09:00,    2240.000
22/04/1992 09:00,    2260.000
23/04/1992 09:00,    2260.000
24/04/1992 09:00,    2270.000
25/04/1992 09:00,    2270.000
26/04/1992 09:00,    2060.000
27/04/1992 09:00,    2320.000
28/04/1992 09:00,    2080.000
29/04/1992 09:00,    2070.000
30/04/1992 09:00,    2090.000
01/05/1992 09:00,    1640.000
02/05/1992 09:00,    1430.000
03/05/1992 09:00,    1430.000
04/05/1992 09:00,    1440.000
05/05/1992 09:00,    1440.000
06/05/1992 09:00,    1320.000
07/05/1992 09:00,     990.000
08/05/1992 09:00,    1220.000
09/05/1992 09:00,    1210.000
10/05/1992 09:00,     994.000
11/05/1992 09:00,    1010.000
12/05/1992 09:00,    1250.000
13/05/1992 09:00,    1250.000
14/05/1992 09:00,    1260.000
15/05/1992 09:00,    1510.000
16/05/1992 09:00,    1480.000
17/05/1992 09:00,    1520.000
18/05/1992 09:00,    1520.000
19/05/1992 09:00,    1530.000
20/05/1992 09:00,    1540.000
21/05/1992 09:00,    1540.000
22/05/1992 09:00,    1550.000
23/05/1992 09:00,    1560.000
24/05/1992 09:00,    1570.000
25/05/1992 09:00,    1330.000
26/05/1992 09:00,     810.000
27/05/1992 09:00,    4380.000
28/05/1992 09:00,     800.000
29/05/1992 09:00,     790.000
30/05/1992 09:00,     800.000
31/05/1992 09:00,     800.000
01/06/1992 09:00,     810.000
02/06/1992 09:00,     790.000
03/06/1992 09:00,     800.000
04/06/1992 09:00,     800.000
05/06/1992 09:00,     820.000
06/06/1992 09:00,     800.000
07/06/1992 09:00,     810.000
08/06/1992 09:00,     810.000
09/06/1992 09:00,     810.000
10/06/1992 09:00,     820.000
11/06/1992 09:00,    2900.000
12/06/1992 09:00,    2130.000
13/06/1992 09:00,    2180.000
14/06/1992 09:00,    2190.000
15/06/1992 09:00,    2200.000
16/06/1992 09:00,    2230.000
17/06/1992 09:00,    2240.000
18/06/1992 09:00,    1700.000
19/06/1992 09:00,    1730.000
20/06/1992 09:00,    1750.000
21/06/1992 09:00,    1750.000
22/06/1992 09:00,    1750.000
23/06/1992 09:00,    1760.000
24/06/1992 09:00,    1480.000
25/06/1992 09:00,    1480.000
26/06/1992 09:00,    1490.000
27/06/1992 09:00,    2340.000
28/06/1992 09:00,    2060.000
29/06/1992 09:00,    2890.000
30/06/1992 09:00,    1760.000
01/07/1992 09:00,    1760.000
02/07/1992 09:00,    1760.000
03/07/1992 09:00,    1760.000
04/07/1992 09:00,    1750.000
05/07/1992 09:00,    1740.000
06/07/1992 09:00,    1740.000
07/07/1992 09:00,    1740.000
08/07/1992 09:00,    1460.000
09/07/1992 09:00,     890.000
13/07/1992 09:00,     890.000
14/07/1992 09:00,     880.000
18/07/1992 09:00,     880.000
19/07/1992 09:00,     870.000
20/07/1992 09:00,     870.000
21/07/1992 09:00,     890.000
22/07/1992 09:00,     900.000
29/07/1992 09:00,     900.000
30/07/1992 09:00,     870.000
31/07/1992 09:00,     860.000
01/08/1992 09:00,     860.000
02/08/1992 09:00,     860.000
03/08/1992 09:00,     890.000
04/08/1992 09:00,     910.000
05/08/1992 09:00,     920.000
06/08/1992 09:00,     910.000
07/08/1992 09:00,     900.000
08/08/1992 09:00,     880.000
12/08/1992 09:00,     880.000
13/08/1992 09:00,    1730.000
17/08/1992 09:00,    1730.000
18/08/1992 09:00,    1700.000
19/08/1992 09:00,    1730.000
20/08/1992 09:00,    1740.000
21/08/1992 09:00,    2580.000
22/08/1992 09:00,    3690.000
23/08/1992 09:00,    4200.000
24/08/1992 09:00,    4200.000
25/08/1992 09:00,    4190.000
26/08/1992 09:00,    4190.000
27/08/1992 09:00,    4190.000
28/08/1992 09:00,    4130.000
29/08/1992 09:00,    4070.000
30/08/1992 09:00,    4070.000
31/08/1992 09:00,    4070.000
01/09/1992 09:00,    4050.000
02/09/1992 09:00,    3990.000
03/09/1992 09:00,    3980.000
04/09/1992 09:00,    3980.000
05/09/1992 09:00,    3980.000
06/09/1992 09:00,    4000.000
07/09/1992 09:00,    4000.000
08/09/1992 09:00,    3970.000
09/09/1992 09:00,    3940.000
10/09/1992 09:00,    2920.000
11/09/1992 09:00,    1860.000
12/09/1992 09:00,    1830.000
13/09/1992 09:00,    1830.000
14/09/1992 09:00,    1830.000
15/09/1992 09:00,    1780.000
16/09/1992 09:00,    1750.000
17/09/1992 09:00,    1720.000
18/09/1992 09:00,    2870.000
19/09/1992 09:00,    2820.000
20/09/1992 09:00,    2330.000
21/09/1992 09:00,    2100.000
22/09/1992 09:00,    2180.000
23/09/1992 09:00,    2870.000
24/09/1992 09:00,    6690.000
25/09/1992 09:00,    6580.000
26/09/1992 09:00,    6250.000
27/09/1992 09:00,    6200.000
28/09/1992 09:00,    6230.000
29/09/1992 09:00,       0.000
30/09/1992 09:00,     890.000
01/10/1992 09:00,     890.000
02/10/1992 09:00,     870.000
03/10/1992 09:00,     870.000
04/10/1992 09:00,     870.000
05/10/1992 09:00,     870.000
06/10/1992 09:00,     860.000
07/10/1992 09:00,     860.000
08/10/1992 09:00,     870.000
09/10/1992 09:00,     870.000
10/10/1992 09:00,     870.000
11/10/1992 09:00,     880.000
15/10/1992 09:00,     880.000
16/10/1992 09:00,    3020.000
17/10/1992 09:00,    5060.000
18/10/1992 09:00,    4990.000
19/10/1992 09:00,    4990.000
20/10/1992 09:00,    7300.000
21/10/1992 09:00,    7210.000
22/10/1992 09:00,    7140.000
23/10/1992 09:00,    7868.000
24/10/1992 09:00,    7980.000
25/10/1992 09:00,    7880.000
26/10/1992 09:00,    7790.000
27/10/1992 09:00,    8100.000
28/10/1992 09:00,    8050.000
29/10/1992 09:00,    8000.000
30/10/1992 09:00,    7910.000
31/10/1992 09:00,    7810.000
01/11/1992 09:00,    7710.000
02/11/1992 09:00,    7710.000
03/11/1992 09:00,    7630.000
04/11/1992 09:00,    7540.000
05/11/1992 09:00,    7460.000
06/11/1992 09:00,    7410.000
07/11/1992 09:00,    7340.000
08/11/1992 09:00,    7200.000
09/11/1992 09:00,    7130.000
10/11/1992 09:00,    7060.000
11/11/1992 09:00,    7060.000
12/11/1992 09:00,    7130.000
13/11/1992 09:00,    7000.000
14/11/1992 09:00,    6950.000
15/11/1992 09:00,    6890.000
16/11/1992 09:00,    6870.000
17/11/1992 09:00,    1190.000
18/11/1992 09:00,     860.000
19/11/1992 09:00,     870.000
20/11/1992 09:00,     870.000
21/11/1992 09:00,     870.000
22/11/1992 09:00,     860.000
23/11/1992 09:00,     890.000
24/11/1992 09:00,    6890.000
25/11/1992 09:00,    6760.000
26/11/1992 09:00,    6730.000
27/11/1992 09:00,    6710.000
28/11/1992 09:00,    5280.000
29/11/1992 09:00,    3960.000
30/11/1992 09:00,    3970.000
01/12/1992 09:00,    3940.000
02/12/1992 09:00,    6460.000
03/12/1992 09:00,    5490.000
04/12/1992 09:00,    4980.000
05/12/1992 09:00,    4570.000
06/12/1992 09:00,    5170.000
07/12/1992 09:00,    5170.000
08/12/1992 09:00,    5170.000
09/12/1992 09:00,    5180.000
10/12/1992 09:00,    5140.000
11/12/1992 09:00,    5170.000
12/12/1992 09:00,    5170.000
13/12/1992 09:00,    5170.000
14/12/1992 09:00,    5170.000
15/12/1992 09:00,    5180.000
16/12/1992 09:00,    5480.000
17/12/1992 09:00,    6620.000
18/12/1992 09:00,       0.000
19/12/1992 09:00,    1300.000
20/12/1992 09:00,    2910.000
21/12/1992 09:00,    2940.000
22/12/1992 09:00,    2970.000
23/12/1992 09:00,    3010.000
24/12/1992 09:00,    4030.000
25/12/1992 09:00,    5990.000
26/12/1992 09:00,    6010.000
27/12/1992 09:00,    6130.000
28/12/1992 09:00,    6190.000
29/12/1992 09:00,    6190.000
30/12/1992 09:00,    6220.000
31/12/1992 09:00,    6330.000
01/01/1993 09:00,    6890.000
02/01/1993 09:00,    6940.000
03/01/1993 09:00,    7380.000
04/01/1993 09:00,    7430.000
05/01/1993 09:00,    7470.000
06/01/1993 09:00,    7500.000
07/01/1993 09:00,    7470.000
08/01/1993 09:00,    6830.000
09/01/1993 09:00,    6890.000
10/01/1993 09:00,    6890.000
11/01/1993 09:00,    6930.000
12/01/1993 09:00,    5200.000
13/01/1993 09:00,    6620.000
14/01/1993 09:00,    6600.000
15/01/1993 09:00,    7280.000
16/01/1993 09:00,    7260.000
17/01/1993 09:00,    7280.000
18/01/1993 09:00,    7260.000
19/01/1993 09:00,    7910.000
20/01/1993 09:00,    8450.000
21/01/1993 09:00,    8410.000
22/01/1993 09:00,    8430.000
23/01/1993 09:00,    8410.000
24/01/1993 09:00,    8390.000
25/01/1993 09:00,    8320.000
26/01/1993 09:00,    8370.000
27/01/1993 09:00,    8340.000
28/01/1993 09:00,    8360.000
29/01/1993 09:00,    8300.000
30/01/1993 09:00,    8300.000
31/01/1993 09:00,    8280.000
01/02/1993 09:00,    7320.000
02/02/1993 09:00,    6540.000
03/02/1993 09:00,    5620.000
04/02/1993 09:00,    5310.000
05/02/1993 09:00,    5410.000
06/02/1993 09:00,    4420.000
07/02/1993 09:00,    3380.000
08/02/1993 09:00,    3470.000
09/02/1993 09:00,    3740.000
10/02/1993 09:00,    3890.000
11/02/1993 09:00,    4020.000
12/02/1993 09:00,    7210.000
13/02/1993 09:00,    7210.000
14/02/1993 09:00,    7030.000
15/02/1993 09:00,    6980.000
16/02/1993 09:00,    6940.000
17/02/1993 09:00,    3970.000
18/02/1993 09:00,    2820.000
19/02/1993 09:00,    2150.000
20/02/1993 09:00,    2190.000
21/02/1993 09:00,    1390.000
22/02/1993 09:00,    1400.000
23/02/1993 09:00,    1410.000
24/02/1993 09:00,     870.000
25/02/1993 09:00,     880.000
26/02/1993 09:00,     890.000
27/02/1993 09:00,    2310.000
28/02/1993 09:00,    2320.000
01/03/1993 09:00,    2320.000
02/03/1993 09:00,    2050.000
03/03/1993 09:00,    1770.000
04/03/1993 09:00,    1780.000
05/03/1993 09:00,    1780.000
06/03/1993 09:00,    1490.000
10/03/1993 09:00,    1490.000
11/03/1993 09:00,    1480.000
12/03/1993 09:00,     890.000
13/03/1993 09:00,     880.000
14/03/1993 09:00,     880.000
15/03/1993 09:00,     880.000
16/03/1993 09:00,     880.000
17/03/1993 09:00,       0.000
18/03/1993 09:00,       0.000
19/03/1993 09:00,     860.000
20/03/1993 09:00,     865.000
21/03/1993 09:00,     869.000
22/03/1993 09:00,     872.000
23/03/1993 09:00,     860.000
24/03/1993 09:00,     860.000
25/03/1993 09:00,     860.000
26/03/1993 09:00,     860.000
27/03/1993 09:00,     850.000
28/03/1993 09:00,     850.000
29/03/1993 09:00,     850.000
02/04/1993 09:00,     810.000
06/04/1993 09:00,     810.000
07/04/1993 09:00,     800.000
08/04/1993 09:00,     790.000
09/04/1993 09:00,     770.000
10/04/1993 09:00,     770.000
11/04/1993 09:00,     760.000
12/04/1993 09:00,     760.000
13/04/1993 09:00,     760.000
14/04/1993 09:00,     750.000
15/04/1993 09:00,     740.000
16/04/1993 09:00,     740.000
17/04/1993 09:00,     730.000
18/04/1993 09:00,     740.000
19/04/1993 09:00,     730.000
20/04/1993 09:00,     740.000
21/04/1993 09:00,     740.000
22/04/1993 09:00,     730.000
23/04/1993 09:00,     710.000
24/04/1993 09:00,     730.000
28/04/1993 09:00,     730.000
29/04/1993 09:00,     740.000
04/05/1993 09:00,     740.000
05/05/1993 09:00,     750.000
06/05/1993 09:00,     750.000
07/05/1993 09:00,     750.000
08/05/1993 09:00,     760.000
09/05/1993 09:00,     760.000
10/05/1993 09:00,     260.000
11/05/1993 09:00,     760.000
12/05/1993 09:00,     760.000
13/05/1993 09:00,     760.000
14/05/1993 09:00,     760.000
15/05/1993 09:00,     750.000
23/05/1993 09:00,     750.000
24/05/1993 09:00,     740.000
25/05/1993 09:00,     740.000
26/05/1993 09:00,     740.000
27/05/1993 09:00,     740.000
28/05/1993 09:00,     730.000
29/05/1993 09:00,     730.000
30/05/1993 09:00,     720.000
31/05/1993 09:00,     730.000
01/06/1993 09:00,     720.000
07/06/1993 09:00,     720.000
08/06/1993 09:00,     710.000
09/06/1993 09:00,     710.000
10/06/1993 09:00,     710.000
11/06/1993 09:00,     700.000
15/06/1993 09:00,     700.000
16/06/1993 09:00,     610.000
17/06/1993 09:00,     690.000
18/06/1993 09:00,     690.000
19/06/1993 09:00,     690.000
20/06/1993 09:00,     700.000
21/06/1993 09:00,     700.000
22/06/1993 09:00,     700.000
23/06/1993 09:00,     710.000
29/06/1993 09:00,     710.000
30/06/1993 09:00,     700.000
01/07/1993 09:00,     700.000
02/07/1993 09:00,     680.000
03/07/1993 09:00,     670.000
04/07/1993 09:00,     670.000
05/07/1993 09:00,     670.000
06/07/1993 09:00,     670.000
07/07/1993 09:00,     650.000
08/07/1993 09:00,     650.000
09/07/1993 09:00,     640.000
10/07/1993 09:00,     640.000
11/07/1993 09:00,     640.000
12/07/1993 09:00,     635.000
13/07/1993 09:00,     630.000
14/07/1993 09:00,     630.000
15/07/1993 09:00,     630.000
16/07/1993 09:00,     230.000
17/07/1993 09:00,     630.000
18/07/1993 09:00,     630.000
19/07/1993 09:00,     630.000
20/07/1993 09:00,     630.000
21/07/1993 09:00,     620.000
22/07/1993 09:00,     620.000
23/07/1993 09:00,     610.000
24/07/1993 09:00,     600.000
25/07/1993 09:00,     600.000
26/07/1993 09:00,     600.000
27/07/1993 09:00,     580.000
28/07/1993 09:00,     575.000
29/07/1993 09:00,     570.000
30/07/1993 09:00,     570.000
31/07/1993 09:00,     570.000
01/08/1993 09:00,     560.000
02/08/1993 09:00,     560.000
03/08/1993 09:00,     560.000
04/08/1993 09:00,     560.000
05/08/1993 09:00,     550.000
06/08/1993 09:00,     550.000
07/08/1993 09:00,     540.000
11/08/1993 09:00,     540.000
12/08/1993 09:00,     530.000
13/08/1993 09:00,     530.000
14/08/1993 09:00,     530.000
15/08/1993 09:00,     530.000
16/08/1993 09:00,     510.000
17/08/1993 09:00,     520.000
18/08/1993 09:00,     520.000
19/08/1993 09:00,     525.000
20/08/1993 09:00,    1060.000
24/08/1993 09:00,    1100.000
25/08/1993 09:00,    1120.000
26/08/1993 09:00,    1120.000
27/08/1993 09:00,    1130.000
28/08/1993 09:00,    1140.000
29/08/1993 09:00,    1150.000
30/08/1993 09:00,    1150.000
31/08/1993 09:00,    1170.000
01/09/1993 09:00,    1170.000
02/09/1993 09:00,    1180.000
03/09/1993 09:00,    1190.000
04/09/1993 09:00,    1200.000
05/09/1993 09:00,    1200.000
06/09/1993 09:00,    1200.000
07/09/1993 09:00,    1210.000
08/09/1993 09:00,    1210.000
09/09/1993 09:00,    1220.000
10/09/1993 09:00,    1220.000
11/09/1993 09:00,    1230.000
12/09/1993 09:00,    1230.000
13/09/1993 09:00,    1230.000
14/09/1993 09:00,    1240.000
15/09/1993 09:00,    1250.000
20/09/1993 09:00,    1250.000
21/09/1993 09:00,    1260.000
22/09/1993 09:00,    1880.000
23/09/1993 09:00,    4900.000
24/09/1993 09:00,    6340.000
25/09/1993 09:00,    6320.000
26/09/1993 09:00,    6290.000
27/09/1993 09:00,    6300.000
28/09/1993 09:00,    6930.000
29/09/1993 09:00,    6870.000
30/09/1993 09:00,    6860.000
01/10/1993 09:00,    6550.000
03/10/1993 09:00,    6450.000
04/10/1993 09:00,    6400.000
05/10/1993 09:00,    6410.000
06/10/1993 09:00,    6400.000
07/10/1993 09:00,    6390.000
08/10/1993 09:00,    6350.000
09/10/1993 09:00,    6990.000
10/10/1993 09:00,    6900.000
11/10/1993 09:00,    6770.000
12/10/1993 09:00,    6960.000
13/10/1993 09:00,    7510.000
14/10/1993 09:00,    7310.000
15/10/1993 09:00,    7160.000
16/10/1993 09:00,    7020.000
17/10/1993 09:00,    6880.000
18/10/1993 09:00,    6780.000
19/10/1993 09:00,    7090.000
20/10/1993 09:00,    7930.000
21/10/1993 09:00,    6820.000
22/10/1993 09:00,    6940.000
23/10/1993 09:00,    7140.000
24/10/1993 09:00,    6840.000
25/10/1993 09:00,    6340.000
26/10/1993 09:00,    6160.000
27/10/1993 09:00,    6220.000
28/10/1993 09:00,    6060.000
29/10/1993 09:00,    5910.000
30/10/1993 09:00,    5820.000
31/10/1993 09:00,    5750.000
01/11/1993 09:00,    5690.000
02/11/1993 09:00,    5650.000
03/11/1993 09:00,    6030.000
04/11/1993 09:00,    5550.000
05/11/1993 09:00,    5380.000
06/11/1993 09:00,    5380.000
07/11/1993 09:00,    5310.000
08/11/1993 09:00,    5210.000
09/11/1993 09:00,    5170.000
10/11/1993 09:00,    5100.000
11/11/1993 09:00,    3070.000
12/11/1993 09:00,     420.000
13/11/1993 09:00,     440.000
14/11/1993 09:00,     450.000
15/11/1993 09:00,     470.000
16/11/1993 09:00,     120.000
17/11/1993 09:00,     130.000
18/11/1993 09:00,     130.000
19/11/1993 09:00,     130.000
20/11/1993 09:00,     140.000
21/11/1993 09:00,     140.000
22/11/1993 09:00,     150.000
23/11/1993 09:00,     150.000
24/11/1993 09:00,     150.000
25/11/1993 09:00,     160.000
26/11/1993 09:00,    1100.000
27/11/1993 09:00,    1090.000
28/11/1993 09:00,    1090.000
29/11/1993 09:00,    1110.000
30/11/1993 09:00,    1110.000
01/12/1993 09:00,    3750.000
02/12/1993 09:00,    3750.000
03/12/1993 09:00,    3700.000
04/12/1993 09:00,    6260.000
05/12/1993 09:00,    6290.000
06/12/1993 09:00,    6410.000
07/12/1993 09:00,    6460.000
08/12/1993 09:00,    6510.000
09/12/1993 09:00,    8140.000
10/12/1993 09:00,    8250.000
11/12/1993 09:00,    7920.000
12/12/1993 09:00,    7980.000
13/12/1993 09:00,    7980.000
14/12/1993 09:00,    8470.000
15/12/1993 09:00,    8470.000
16/12/1993 09:00,    8490.000
17/12/1993 09:00,    8560.000
18/12/1993 09:00,    8020.000
19/12/1993 09:00,    7510.000
20/12/1993 09:00,    7690.000
21/12/1993 09:00,    5160.000
22/12/1993 09:00,    3490.000
23/12/1993 09:00,    3650.000
24/12/1993 09:00,    3890.000
25/12/1993 09:00,    4160.000
26/12/1993 09:00,    7780.000
27/12/1993 09:00,    7930.000
28/12/1993 09:00,    7870.000
29/12/1993 09:00,    7870.000
30/12/1993 09:00,    7890.000
31/12/1993 09:00,    7930.000
01/01/1994 09:00,    8010.000
02/01/1994 09:00,    7940.000
03/01/1994 09:00,    7840.000
04/01/1994 09:00,    7740.000
05/01/1994 09:00,    7700.000
06/01/1994 09:00,    7666.000
07/01/1994 09:00,    4740.000
08/01/1994 09:00,    4110.000
09/01/1994 09:00,    4160.000
10/01/1994 09:00,    4210.000
11/01/1994 09:00,    2080.000
12/01/1994 09:00,    1600.000
13/01/1994 09:00,    1610.000
14/01/1994 09:00,    1620.000
15/01/1994 09:00,    1900.000
16/01/1994 09:00,    1890.000
17/01/1994 09:00,    1630.000
18/01/1994 09:00,    1660.000
19/01/1994 09:00,    2440.000
20/01/1994 09:00,    2450.000
21/01/1994 09:00,    2970.000
22/01/1994 09:00,    3230.000
23/01/1994 09:00,    3480.000
24/01/1994 09:00,    3480.000
25/01/1994 09:00,    3470.000
26/01/1994 09:00,    3710.000
27/01/1994 09:00,    3700.000
28/01/1994 09:00,    4680.000
29/01/1994 09:00,    4680.000
30/01/1994 09:00,    4670.000
31/01/1994 09:00,    4670.000
01/02/1994 09:00,    4660.000
02/02/1994 09:00,    4650.000
03/02/1994 09:00,    4630.000
04/02/1994 09:00,    4620.000
05/02/1994 09:00,    4620.000
06/02/1994 09:00,    4620.000
07/02/1994 09:00,    5010.000
08/02/1994 09:00,    5520.000
09/02/1994 09:00,    6770.000
10/02/1994 09:00,    6740.000
11/02/1994 09:00,    6970.000
12/02/1994 09:00,    3470.000
13/02/1994 09:00,    3470.000
14/02/1994 09:00,    3470.000
15/02/1994 09:00,    3470.000
16/02/1994 09:00,    3903.000
17/02/1994 09:00,    4710.000
18/02/1994 09:00,    5430.000
19/02/1994 09:00,    5400.000
20/02/1994 09:00,    5380.000
21/02/1994 09:00,    6090.000
22/02/1994 09:00,    5850.000
23/02/1994 09:00,    5710.000
24/02/1994 09:00,    6360.000
25/02/1994 09:00,    6640.000
26/02/1994 09:00,    7550.000
27/02/1994 09:00,    7354.000
28/02/1994 09:00,    7400.000
01/03/1994 09:00,    7900.000
02/03/1994 09:00,    7430.000
03/03/1994 09:00,    7350.000
04/03/1994 09:00,    7240.000
05/03/1994 09:00,    7180.000
06/03/1994 09:00,    7120.000
07/03/1994 09:00,    7000.000
08/03/1994 09:00,    6960.000
09/03/1994 09:00,    6857.000
10/03/1994 09:00,    6347.000
11/03/1994 09:00,    6284.000
12/03/1994 09:00,    6000.000
13/03/1994 09:00,    5920.000
14/03/1994 09:00,    5950.000
15/03/1994 09:00,    5910.000
16/03/1994 09:00,    5860.000
17/03/1994 09:00,    5650.000
18/03/1994 09:00,    5270.000
19/03/1994 09:00,    5170.000
20/03/1994 09:00,    5100.000
21/03/1994 09:00,    5040.000
22/03/1994 09:00,    4960.000
23/03/1994 09:00,    4740.000
24/03/1994 09:00,    4580.000
25/03/1994 09:00,    4870.000
26/03/1994 09:00,    4950.000
27/03/1994 09:00,    4890.000
28/03/1994 09:00,    4810.000
29/03/1994 09:00,    2580.000
30/03/1994 09:00,    2590.000
31/03/1994 09:00,    2620.000
01/04/1994 09:00,    1280.000
02/04/1994 09:00,    1270.000
03/04/1994 09:00,       0.000
29/06/1994 09:00,       0.000
30/06/1994 09:00,       0.000
15/07/1994 09:00,       0.000
16/07/1994 09:00,    1330.000
17/07/1994 09:00,    1330.000
18/07/1994 09:00,    1320.000
19/07/1994 09:00,    1340.000
20/07/1994 09:00,    1340.000
21/07/1994 09:00,    1370.000
22/07/1994 09:00,    1480.000
23/07/1994 09:00,     880.000
24/07/1994 09:00,     880.000
25/07/1994 09:00,     670.000
26/07/1994 09:00,     690.000
27/07/1994 09:00,     702.000
28/07/1994 09:00,     937.000
29/07/1994 09:00,     950.000
30/07/1994 09:00,     947.000
31/07/1994 09:00,     958.000
01/08/1994 09:00,     930.000
02/08/1994 09:00,    1378.000
03/08/1994 09:00,    1850.000
04/08/1994 09:00,    3090.000
06/08/1994 09:00,    2740.000
07/08/1994 09:00,    3130.000
08/08/1994 09:00,    2940.000
09/08/1994 09:00,    2970.000
10/08/1994 09:00,    3170.000
13/08/1994 09:00,    3200.000
14/08/1994 09:00,    3210.000
15/08/1994 09:00,    3020.000
16/08/1994 09:00,    3020.000
17/08/1994 09:00,    3050.000
18/08/1994 09:00,    2841.000
19/08/1994 09:00,    2855.000
20/08/1994 09:00,    2860.000
21/08/1994 09:00,    2880.000
22/08/1994 09:00,    3090.000
23/08/1994 09:00,    3090.000
24/08/1994 09:00,    3100.000
25/08/1994 09:00,    3097.000
26/08/1994 09:00,    3104.000
27/08/1994 09:00,    3100.000
28/08/1994 09:00,    2690.000
29/08/1994 09:00,    2690.000
30/08/1994 09:00,    2700.000
31/08/1994 09:00,    2710.000
01/09/1994 09:00,    2934.000
02/09/1994 09:00,    3170.000
03/09/1994 09:00,    3180.000
04/09/1994 09:00,    3170.000
05/09/1994 09:00,    2970.000
06/09/1994 09:00,    2980.000
07/09/1994 09:00,    3220.000
08/09/1994 09:00,    3220.000
09/09/1994 09:00,    3240.000
10/09/1994 09:00,    3480.000
11/09/1994 09:00,    3480.000
12/09/1994 09:00,    3500.000
13/09/1994 09:00,    3740.000
14/09/1994 09:00,    3730.000
15/09/1994 09:00,    3050.000
16/09/1994 09:00,    3070.000
17/09/1994 09:00,    3310.000
18/09/1994 09:00,    3330.000
19/09/1994 09:00,    3350.000
20/09/1994 09:00,    3810.000
21/09/1994 09:00,    3796.000
22/09/1994 09:00,    3338.000
23/09/1994 09:00,    3373.000
24/09/1994 09:00,    3820.000
25/09/1994 09:00,    3598.000
26/09/1994 09:00,    3606.000
27/09/1994 09:00,    3370.000
28/09/1994 09:00,    3145.000
29/09/1994 09:00,    3148.000
30/09/1994 09:00,    3139.000
01/10/1994 09:00,    3872.000
02/10/1994 09:00,    3888.000
03/10/1994 09:00,    3892.000
04/10/1994 09:00,    3904.000
05/10/1994 09:00,    4126.000
06/10/1994 09:00,    4130.000
07/10/1994 09:00,    3164.000
08/10/1994 09:00,    2177.000
09/10/1994 09:00,    2696.000
10/10/1994 09:00,    2957.000
11/10/1994 09:00,    2957.000
12/10/1994 09:00,    2974.000
13/10/1994 09:00,    1812.000
14/10/1994 09:00,    1267.000
15/10/1994 09:00,    1414.000
16/10/1994 09:00,    1421.000
17/10/1994 09:00,    1695.000
18/10/1994 09:00,    1971.000
19/10/1994 09:00,    2538.000
20/10/1994 09:00,    2769.000
21/10/1994 09:00,    3299.000
22/10/1994 09:00,    3305.000
23/10/1994 09:00,    3311.000
24/10/1994 09:00,    3317.000
25/10/1994 09:00,    3373.000
26/10/1994 09:00,    5778.000
27/10/1994 09:00,    4330.000
28/10/1994 09:00,    4330.000
29/10/1994 09:00,    4330.000
30/10/1994 09:00,    4330.000
31/10/1994 09:00,    4562.000
01/11/1994 09:00,    4779.000
02/11/1994 09:00,    4788.000
03/11/1994 09:00,    2473.000
04/11/1994 09:00,    1148.000
05/11/1994 09:00,     864.000
06/11/1994 09:00,     864.000
07/11/1994 09:00,    1148.000
08/11/1994 09:00,    1699.000
09/11/1994 09:00,    1142.000
10/11/1994 09:00,     579.000
11/11/1994 09:00,     584.000
12/11/1994 09:00,     585.000
13/11/1994 09:00,     420.000
14/11/1994 09:00,     872.000
15/11/1994 09:00,     870.000
16/11/1994 09:00,     871.000
17/11/1994 09:00,     871.000
18/11/1994 09:00,     872.000
19/11/1994 09:00,     580.000
20/11/1994 09:00,     588.000
21/11/1994 09:00,     589.000
22/11/1994 09:00,     591.000
23/11/1994 09:00,     592.000
24/11/1994 09:00,     593.000
25/11/1994 09:00,     595.000
26/11/1994 09:00,     595.000
27/11/1994 09:00,     597.000
28/11/1994 09:00,     600.000
29/11/1994 09:00,    2297.000
30/11/1994 09:00,    3355.000
01/12/1994 09:00,    2540.000
02/12/1994 09:00,    2000.000
03/12/1994 09:00,    2000.000
04/12/1994 09:00,    2274.000
05/12/1994 09:00,    2536.000
06/12/1994 09:00,    4346.000
07/12/1994 09:00,    4059.000
08/12/1994 09:00,    3541.000
09/12/1994 09:00,    3528.000
10/12/1994 09:00,    3544.000
11/12/1994 09:00,    3519.000
12/12/1994 09:00,    3018.000
13/12/1994 09:00,    3004.000
14/12/1994 09:00,    3002.000
15/12/1994 09:00,    3247.000
16/12/1994 09:00,    3478.000
17/12/1994 09:00,    3468.000
18/12/1994 09:00,    3461.000
19/12/1994 09:00,    3458.000
20/12/1994 09:00,    4864.000
21/12/1994 09:00,    5745.000
22/12/1994 09:00,    6950.000
23/12/1994 09:00,    6892.000
24/12/1994 09:00,    6448.000
25/12/1994 09:00,    5885.000
26/12/1994 09:00,    5360.000
27/12/1994 09:00,    4895.000
28/12/1994 09:00,    4471.000
29/12/1994 09:00,    3992.000
30/12/1994 09:00,    4544.000
31/12/1994 09:00,    5128.000
01/01/1995 09:00,    5234.000
02/01/1995 09:00,    5209.000
03/01/1995 09:00,    4910.000
04/01/1995 09:00,    4948.000
05/01/1995 09:00,    5106.000
06/01/1995 09:00,    5290.000
07/01/1995 09:00,    5419.000
08/01/1995 09:00,    5352.000
09/01/1995 09:00,    5802.000
10/01/1995 09:00,    5483.000
11/01/1995 09:00,    5459.000
12/01/1995 09:00,    5065.000
13/01/1995 09:00,    5037.000
14/01/1995 09:00,    4442.000
15/01/1995 09:00,    4423.000
16/01/1995 09:00,    4599.000
17/01/1995 09:00,    4920.000
18/01/1995 09:00,    5218.000
19/01/1995 09:00,    5176.000
20/01/1995 09:00,    5151.000
21/01/1995 09:00,    4246.000
22/01/1995 09:00,    4064.000
23/01/1995 09:00,    4146.000
24/01/1995 09:00,    4217.000
25/01/1995 09:00,    4181.000
26/01/1995 09:00,    3448.000
28/01/1995 09:00,    3448.000
29/01/1995 09:00,    3422.000
30/01/1995 09:00,    3237.000
31/01/1995 09:00,    3030.000
01/02/1995 09:00,    3035.000
02/02/1995 09:00,    1595.000
03/02/1995 09:00,    1605.000
04/02/1995 09:00,    2853.000
05/02/1995 09:00,    2672.000
06/02/1995 09:00,    2051.000
07/02/1995 09:00,    1166.000
08/02/1995 09:00,     939.000
09/02/1995 09:00,     712.000
10/02/1995 09:00,     707.000
11/02/1995 09:00,     717.000
12/02/1995 09:00,     718.000
13/02/1995 09:00,     724.000
14/02/1995 09:00,     732.000
15/02/1995 09:00,     973.000
16/02/1995 09:00,     976.000
17/02/1995 09:00,     976.000
18/02/1995 09:00,     982.000
19/02/1995 09:00,    1281.000
20/02/1995 09:00,    1935.000
21/02/1995 09:00,    2385.000
22/02/1995 09:00,    2166.000
23/02/1995 09:00,    1230.000
24/02/1995 09:00,    1236.000
25/02/1995 09:00,    1238.000
26/02/1995 09:00,    1247.000
27/02/1995 09:00,    1733.000
28/02/1995 09:00,    1726.000
01/03/1995 09:00,    1245.000
02/03/1995 09:00,     755.000
03/03/1995 09:00,     504.000
04/03/1995 09:00,     500.000
05/03/1995 09:00,     509.000
06/03/1995 09:00,    1503.000
07/03/1995 09:00,    3109.000
08/03/1995 09:00,    3047.000
09/03/1995 09:00,    2144.000
10/03/1995 09:00,    1606.000
11/03/1995 09:00,    1609.000
12/03/1995 09:00,    2065.000
13/03/1995 09:00,    2501.000
14/03/1995 09:00,    3564.000
15/03/1995 09:00,    4124.000
16/03/1995 09:00,    4028.000
17/03/1995 09:00,    4173.000
18/03/1995 09:00,    3284.000
19/03/1995 09:00,    3274.000
20/03/1995 09:00,    3650.000
21/03/1995 09:00,    4182.000
22/03/1995 09:00,    4520.000
23/03/1995 09:00,    4656.000
24/03/1995 09:00,    4655.000
25/03/1995 09:00,    4613.000
26/03/1995 09:00,    4430.000
27/03/1995 09:00,    4240.000
28/03/1995 09:00,    4055.000
29/03/1995 09:00,    4351.000
30/03/1995 09:00,    4188.000
31/03/1995 09:00,    3680.000
01/04/1995 09:00,    3146.000
02/04/1995 09:00,    2768.000
03/04/1995 09:00,    2763.000
04/04/1995 09:00,    2575.000
05/04/1995 09:00,    2563.000
06/04/1995 09:00,    2553.000
07/04/1995 09:00,    2185.000
08/04/1995 09:00,    2181.000
09/04/1995 09:00,    2366.000
10/04/1995 09:00,    2532.000
11/04/1995 09:00,    1020.000
12/04/1995 09:00,    1753.000
13/04/1995 09:00,    1341.000
14/04/1995 09:00,    1342.000
15/04/1995 09:00,    1345.000
16/04/1995 09:00,    1332.000
17/04/1995 09:00,    1343.000
18/04/1995 09:00,    1347.000
19/04/1995 09:00,    1131.000
20/04/1995 09:00,     694.000
21/04/1995 09:00,    1132.000
22/04/1995 09:00,    1139.000
23/04/1995 09:00,     926.000
24/04/1995 09:00,     929.000
25/04/1995 09:00,    1150.000
26/04/1995 09:00,    1359.000
27/04/1995 09:00,    1361.000
28/04/1995 09:00,    1162.000
29/04/1995 09:00,    1163.000
30/04/1995 09:00,    1371.000
01/05/1995 09:00,     946.000
02/05/1995 09:00,     956.000
03/05/1995 09:00,     926.000
04/05/1995 09:00,     735.000
05/05/1995 09:00,     741.000
06/05/1995 09:00,     972.000
07/05/1995 09:00,     753.000
08/05/1995 09:00,     755.000
09/05/1995 09:00,     760.000
10/05/1995 09:00,     765.000
11/05/1995 09:00,     770.000
12/05/1995 09:00,     776.000
13/05/1995 09:00,     779.000
14/05/1995 09:00,     784.000
15/05/1995 09:00,     788.000
16/05/1995 09:00,     792.000
17/05/1995 09:00,    2471.000
18/05/1995 09:00,    2485.000
19/05/1995 09:00,    2501.000
20/05/1995 09:00,    2039.000
21/05/1995 09:00,    2048.000
22/05/1995 09:00,    2059.000
23/05/1995 09:00,    1812.000
24/05/1995 09:00,    1277.000
25/05/1995 09:00,    1321.000
26/05/1995 09:00,    1323.000
27/05/1995 09:00,     804.000
28/05/1995 09:00,     804.000
29/05/1995 09:00,     808.000
30/05/1995 09:00,    3043.000
31/05/1995 09:00,    2056.000
01/06/1995 09:00,    2049.000
02/06/1995 09:00,    2063.000
03/06/1995 09:00,    3950.000
04/06/1995 09:00,    3958.000
05/06/1995 09:00,    3963.000
06/06/1995 09:00,    3975.000
07/06/1995 09:00,    3977.000
08/06/1995 09:00,    4006.000
09/06/1995 09:00,    4030.000
10/06/1995 09:00,    4061.000
11/06/1995 09:00,    4067.000
12/06/1995 09:00,    4078.000
13/06/1995 09:00,    4089.000
14/06/1995 09:00,    5850.000
15/06/1995 09:00,    7441.000
16/06/1995 09:00,   10253.000
17/06/1995 09:00,   10163.000
18/06/1995 09:00,   10086.000
19/06/1995 09:00,    9960.000
20/06/1995 09:00,   10675.000
21/06/1995 09:00,   10475.000
22/06/1995 09:00,   10274.000
23/06/1995 09:00,    6985.000
24/06/1995 09:00,    9089.000
25/06/1995 09:00,    9366.000
26/06/1995 09:00,    9261.000
27/06/1995 09:00,    8063.000
28/06/1995 09:00,    7958.000
29/06/1995 09:00,    6580.000
30/06/1995 09:00,    7242.000
01/07/1995 09:00,    7232.000
02/07/1995 09:00,    7202.000
03/07/1995 09:00,    7221.000
04/07/1995 09:00,    2469.000
05/07/1995 09:00,    1473.000
06/07/1995 09:00,    1480.000
07/07/1995 09:00,    1483.000
08/07/1995 09:00,     863.000
09/07/1995 09:00,    1500.000
10/07/1995 09:00,    1928.000
11/07/1995 09:00,    5971.000
12/07/1995 09:00,    5882.000
13/07/1995 09:00,    5841.000
14/07/1995 09:00,    5805.000
15/07/1995 09:00,    5788.000
16/07/1995 09:00,    5803.000
17/07/1995 09:00,    5783.000
18/07/1995 09:00,    5776.000
19/07/1995 09:00,    5772.000
20/07/1995 09:00,    7157.000
21/07/1995 09:00,    7144.000
22/07/1995 09:00,    7131.000
23/07/1995 09:00,    7018.000
24/07/1995 09:00,    5318.000
25/07/1995 09:00,    5342.000
26/07/1995 09:00,    5350.000
27/07/1995 09:00,    5349.000
28/07/1995 09:00,    4651.000
29/07/1995 09:00,    4650.000
30/07/1995 09:00,    4647.000
31/07/1995 09:00,    4622.000
01/08/1995 09:00,    4565.000
02/08/1995 09:00,    4543.000
03/08/1995 09:00,    4462.000
04/08/1995 09:00,    4397.000
05/08/1995 09:00,    4379.000
06/08/1995 09:00,    4367.000
07/08/1995 09:00,    4391.000
08/08/1995 09:00,    4285.000
09/08/1995 09:00,    4249.000
10/08/1995 09:00,    4247.000
11/08/1995 09:00,    4201.000
12/08/1995 09:00,    4184.000
13/08/1995 09:00,    4160.000
14/08/1995 09:00,    4153.000
15/08/1995 09:00,    4155.000
16/08/1995 09:00,    4126.000
17/08/1995 09:00,    4098.000
18/08/1995 09:00,    5173.000
19/08/1995 09:00,    6833.000
20/08/1995 09:00,    6720.000
21/08/1995 09:00,    5963.000
22/08/1995 09:00,    5963.000
23/08/1995 09:00,    5915.000
24/08/1995 09:00,    5851.000
25/08/1995 09:00,    5786.000
26/08/1995 09:00,    1603.000
27/08/1995 09:00,    1585.000
28/08/1995 09:00,    1577.000
29/08/1995 09:00,    1550.000
30/08/1995 09:00,    1546.000
31/08/1995 09:00,     921.000
01/09/1995 09:00,     917.000
02/09/1995 09:00,     913.000
03/09/1995 09:00,     909.000
04/09/1995 09:00,     904.000
05/09/1995 09:00,    2502.000
06/09/1995 09:00,    6875.000
07/09/1995 09:00,    8484.000
08/09/1995 09:00,    4936.000
09/09/1995 09:00,    2795.000
10/09/1995 09:00,    2027.000
11/09/1995 09:00,    1514.000
12/09/1995 09:00,    3691.000
13/09/1995 09:00,    3731.000
14/09/1995 09:00,    1890.000
15/09/1995 09:00,     581.000
16/09/1995 09:00,     604.000
17/09/1995 09:00,       0.000
28/09/1995 09:00,       0.000
29/09/1995 09:00,     585.000
30/09/1995 09:00,     884.000
01/10/1995 09:00,    2028.000
02/10/1995 09:00,    2038.000
03/10/1995 09:00,    4426.000
04/10/1995 09:00,    4410.000
05/10/1995 09:00,    4402.000
06/10/1995 09:00,    4422.000
07/10/1995 09:00,    4414.000
08/10/1995 09:00,    3918.000
09/10/1995 09:00,    3404.000
10/10/1995 09:00,    3414.000
11/10/1995 09:00,    3411.000
12/10/1995 09:00,    3417.000
13/10/1995 09:00,    3414.000
14/10/1995 09:00,    3417.000
15/10/1995 09:00,    3414.000
16/10/1995 09:00,    3422.000
17/10/1995 09:00,    3431.000
18/10/1995 09:00,    3451.000
19/10/1995 09:00,    3179.000
20/10/1995 09:00,    3177.000
21/10/1995 09:00,    2914.000
22/10/1995 09:00,    2919.000
23/10/1995 09:00,    3460.000
24/10/1995 09:00,    3460.000
25/10/1995 09:00,    3437.000
26/10/1995 09:00,    3437.000
27/10/1995 09:00,    3428.000
28/10/1995 09:00,    3428.000
29/10/1995 09:00,    5200.000
30/10/1995 09:00,    6618.000
31/10/1995 09:00,    7608.000
01/11/1995 09:00,    7592.000
02/11/1995 09:00,    7543.000
03/11/1995 09:00,    7526.000
04/11/1995 09:00,    7501.000
05/11/1995 09:00,    7485.000
06/11/1995 09:00,    7443.000
07/11/1995 09:00,    7485.000
08/11/1995 09:00,    7410.000
09/11/1995 09:00,    7402.000
10/11/1995 09:00,    7343.000
11/11/1995 09:00,    7308.000
12/11/1995 09:00,    7284.000
13/11/1995 09:00,    7250.000
14/11/1995 09:00,    6601.000
15/11/1995 09:00,    5795.000
16/11/1995 09:00,    4411.000
17/11/1995 09:00,    4388.000
18/11/1995 09:00,    4164.000
19/11/1995 09:00,    3455.000
20/11/1995 09:00,    2963.000
21/11/1995 09:00,    2451.000
22/11/1995 09:00,    2426.000
23/11/1995 09:00,    2422.000
24/11/1995 09:00,    2422.000
25/11/1995 09:00,    2424.000
26/11/1995 09:00,    2424.000
27/11/1995 09:00,    2426.000
28/11/1995 09:00,    2433.000
29/11/1995 09:00,    2435.000
30/11/1995 09:00,    2187.000
01/12/1995 09:00,    1952.000
02/12/1995 09:00,    1952.000
03/12/1995 09:00,    2492.000
04/12/1995 09:00,    2499.000
05/12/1995 09:00,    2545.000
06/12/1995 09:00,    2540.000
08/12/1995 09:00,    1182.000
09/12/1995 09:00,     890.000
10/12/1995 09:00,     890.000
11/12/1995 09:00,     894.000
12/12/1995 09:00,    1784.000
13/12/1995 09:00,    1790.000
14/12/1995 09:00,    2642.000
15/12/1995 09:00,    2917.000
16/12/1995 09:00,    2920.000
17/12/1995 09:00,    3200.000
18/12/1995 09:00,    3465.000
19/12/1995 09:00,    4746.000
20/12/1995 09:00,    4222.000
21/12/1995 09:00,    3957.000
22/12/1995 09:00,    4197.000
23/12/1995 09:00,    3403.000
24/12/1995 09:00,    3131.000
25/12/1995 09:00,    2598.000
26/12/1995 09:00,    2597.000
27/12/1995 09:00,    2315.000
28/12/1995 09:00,    1771.000
29/12/1995 09:00,    1771.000
30/12/1995 09:00,    2602.000
31/12/1995 09:00,    3404.000
01/01/1996 09:00,    2614.000
02/01/1996 09:00,    2058.000
03/01/1996 09:00,    2056.000
04/01/1996 09:00,    1785.000
05/01/1996 09:00,    1222.000
06/01/1996 09:00,    1485.000
07/01/1996 09:00,    2051.000
08/01/1996 09:00,    2321.000
09/01/1996 09:00,    2600.000
10/01/1996 09:00,    3840.000
11/01/1996 09:00,    3830.000
12/01/1996 09:00,    3398.000
13/01/1996 09:00,    4631.000
14/01/1996 09:00,    5104.000
15/01/1996 09:00,    5073.000
16/01/1996 09:00,    5059.000
17/01/1996 09:00,    5047.000
18/01/1996 09:00,    5023.000
19/01/1996 09:00,    4780.000
20/01/1996 09:00,    4495.000
21/01/1996 09:00,    4028.000
22/01/1996 09:00,    4267.000
23/01/1996 09:00,    4509.000
24/01/1996 09:00,    4743.000
25/01/1996 09:00,    4737.000
26/01/1996 09:00,    4724.000
27/01/1996 09:00,    4716.000
28/01/1996 09:00,    4707.000
29/01/1996 09:00,    4688.000
30/01/1996 09:00,    5359.000
31/01/1996 09:00,    5769.000
01/02/1996 09:00,    5307.000
02/02/1996 09:00,    4970.000
03/02/1996 09:00,    4738.000
04/02/1996 09:00,    5090.000
05/02/1996 09:00,    4807.000
06/02/1996 09:00,    4107.000
07/02/1996 09:00,    4334.000
08/02/1996 09:00,    4306.000
09/02/1996 09:00,    4310.000
10/02/1996 09:00,    3841.000
11/02/1996 09:00,    3609.000
12/02/1996 09:00,    3604.000
13/02/1996 09:00,    3845.000
14/02/1996 09:00,    6409.000
15/02/1996 09:00,    6385.000
16/02/1996 09:00,    6367.000
17/02/1996 09:00,    6348.000
18/02/1996 09:00,    6333.000
19/02/1996 09:00,    6315.000
20/02/1996 09:00,    6295.000
21/02/1996 09:00,    7029.000
22/02/1996 09:00,    7025.000
23/02/1996 09:00,    7714.000
24/02/1996 09:00,    7680.000
25/02/1996 09:00,    7635.000
26/02/1996 09:00,    7592.000
27/02/1996 09:00,    7744.000
28/02/1996 09:00,    7862.000
29/02/1996 09:00,    7813.000
01/03/1996 09:00,    7756.000
02/03/1996 09:00,    6695.000
03/03/1996 09:00,    6944.000
04/03/1996 09:00,    6928.000
05/03/1996 09:00,    6203.000
06/03/1996 09:00,    6188.000
07/03/1996 09:00,    6383.000
08/03/1996 09:00,    6355.000
09/03/1996 09:00,    6519.000
10/03/1996 09:00,    6493.000
11/03/1996 09:00,    6461.000
12/03/1996 09:00,    5778.000
13/03/1996 09:00,    5760.000
14/03/1996 09:00,    5736.000
15/03/1996 09:00,    5726.000
16/03/1996 09:00,    5707.000
17/03/1996 09:00,    5640.000
18/03/1996 09:00,    5612.000
19/03/1996 09:00,    4859.000
20/03/1996 09:00,    4066.000
21/03/1996 09:00,    3782.000
22/03/1996 09:00,    3768.000
23/03/1996 09:00,    3969.000
24/03/1996 09:00,    4360.000
25/03/1996 09:00,    4886.000
26/03/1996 09:00,    5210.000
27/03/1996 09:00,    5209.000
28/03/1996 09:00,    5515.000
29/03/1996 09:00,    5727.000
30/03/1996 09:00,    5699.000
31/03/1996 09:00,    5677.000
01/04/1996 09:00,    5658.000
02/04/1996 09:00,    6347.000
03/04/1996 09:00,    6314.000
04/04/1996 09:00,    5841.000
05/04/1996 09:00,    5799.000
06/04/1996 09:00,    5490.000
07/04/1996 09:00,    5477.000
08/04/1996 09:00,    5451.000
09/04/1996 09:00,    5427.000
10/04/1996 09:00,    6177.000
11/04/1996 09:00,    6148.000
12/04/1996 09:00,    6102.000
13/04/1996 09:00,    6054.000
14/04/1996 09:00,    5250.000
15/04/1996 09:00,    5243.000
16/04/1996 09:00,    5236.000
17/04/1996 09:00,    5212.000
18/04/1996 09:00,    5041.000
19/04/1996 09:00,    5040.000
20/04/1996 09:00,    4766.000
21/04/1996 09:00,    4775.000
22/04/1996 09:00,    4770.000
23/04/1996 09:00,    4501.000
24/04/1996 09:00,    4495.000
25/04/1996 09:00,    4488.000
26/04/1996 09:00,    4480.000
27/04/1996 09:00,    4474.000
28/04/1996 09:00,    4476.000
29/04/1996 09:00,    4462.000
30/04/1996 09:00,    4462.000
01/05/1996 09:00,    4461.000
02/05/1996 09:00,    5428.000
03/05/1996 09:00,    3020.000
04/05/1996 09:00,    3070.000
05/05/1996 09:00,    3082.000
06/05/1996 09:00,    3605.000
07/05/1996 09:00,    3598.000
08/05/1996 09:00,    3913.000
09/05/1996 09:00,    3902.000
10/05/1996 09:00,    4602.000
11/05/1996 09:00,    4139.000
12/05/1996 09:00,    4120.000
13/05/1996 09:00,    4226.000
14/05/1996 09:00,    4198.000
15/05/1996 09:00,    4775.000
16/05/1996 09:00,    4690.000
17/05/1996 09:00,    3491.000
18/05/1996 09:00,    4029.000
19/05/1996 09:00,    4004.000
20/05/1996 09:00,    3967.000
21/05/1996 09:00,    3950.000
22/05/1996 09:00,    3911.000
23/05/1996 09:00,    3245.000
24/05/1996 09:00,    3188.000
25/05/1996 09:00,    3164.000
26/05/1996 09:00,    2731.000
27/05/1996 09:00,    2714.000
28/05/1996 09:00,    2669.000
29/05/1996 09:00,    2660.000
30/05/1996 09:00,    2655.000
31/05/1996 09:00,    2097.000
01/06/1996 09:00,    2099.000
02/06/1996 09:00,    2098.000
03/06/1996 09:00,    2100.000
04/06/1996 09:00,    2105.000
05/06/1996 09:00,    2103.000
06/06/1996 09:00,    2096.000
07/06/1996 09:00,    2094.000
08/06/1996 09:00,    2102.000
11/06/1996 09:00,    2097.000
12/06/1996 09:00,    1642.000
13/06/1996 09:00,    1672.000
14/06/1996 09:00,    1839.000
15/06/1996 09:00,    1661.000
16/06/1996 09:00,    1301.000
17/06/1996 09:00,     829.000
18/06/1996 09:00,     828.000
19/06/1996 09:00,     830.000
20/06/1996 09:00,     833.000
21/06/1996 09:00,    1031.000
22/06/1996 09:00,    1408.000
23/06/1996 09:00,    1412.000
24/06/1996 09:00,    1413.000
25/06/1996 09:00,    1417.000
26/06/1996 09:00,    1248.000
27/06/1996 09:00,    2150.000
28/06/1996 09:00,    2109.000
29/06/1996 09:00,    2814.000
30/06/1996 09:00,    2851.000
01/07/1996 09:00,    3161.000
02/07/1996 09:00,    3828.000
03/07/1996 09:00,    3822.000
04/07/1996 09:00,    4145.000
05/07/1996 09:00,    4061.000
06/07/1996 09:00,    4308.000
07/07/1996 09:00,    4310.000
08/07/1996 09:00,    4286.000
09/07/1996 09:00,    4373.000
10/07/1996 09:00,    4424.000
11/07/1996 09:00,    4893.000
12/07/1996 09:00,    4815.000
13/07/1996 09:00,    4665.000
14/07/1996 09:00,    4528.000
15/07/1996 09:00,    4814.000
16/07/1996 09:00,    4679.000
17/07/1996 09:00,    4696.000
18/07/1996 09:00,    4777.000
19/07/1996 09:00,    4592.000
20/07/1996 09:00,    4112.000
21/07/1996 09:00,    4087.000
22/07/1996 09:00,    4138.000
23/07/1996 09:00,    4325.000
24/07/1996 09:00,    4272.000
25/07/1996 09:00,    4233.000
26/07/1996 09:00,    4073.000
27/07/1996 09:00,    3788.000
28/07/1996 09:00,    3805.000
29/07/1996 09:00,    3744.000
30/07/1996 09:00,    3732.000
31/07/1996 09:00,    3848.000
01/08/1996 09:00,    4047.000
02/08/1996 09:00,    3950.000
03/08/1996 09:00,    4095.000
04/08/1996 09:00,    4016.000
05/08/1996 09:00,    3905.000
06/08/1996 09:00,    3780.000
07/08/1996 09:00,    3436.000
08/08/1996 09:00,    3408.000
09/08/1996 09:00,    3486.000
10/08/1996 09:00,    3500.000
11/08/1996 09:00,    3500.000
12/08/1996 09:00,    3464.000
13/08/1996 09:00,    3448.000
14/08/1996 09:00,    3343.000
15/08/1996 09:00,    3192.000
16/08/1996 09:00,    3041.000
17/08/1996 09:00,    2685.000
19/08/1996 09:00,    2277.000
20/08/1996 09:00,    2042.000
21/08/1996 09:00,    1915.000
22/08/1996 09:00,    1811.000
23/08/1996 09:00,    1319.000
24/08/1996 09:00,    1255.000
25/08/1996 09:00,    1201.000
26/08/1996 09:00,    1087.000
27/08/1996 09:00,       0.000
07/10/1996 09:00,       0.000
08/10/1996 09:00,    1080.000
09/10/1996 09:00,    1055.000
10/10/1996 09:00,    1234.000
11/10/1996 09:00,    1409.000
12/10/1996 09:00,    1340.000
13/10/1996 09:00,    1650.000
14/10/1996 09:00,    1784.000
15/10/1996 09:00,    2000.000
16/10/1996 09:00,    2097.000
17/10/1996 09:00,    2079.000
18/10/1996 09:00,    2181.000
19/10/1996 09:00,    2267.000
20/10/1996 09:00,    2157.000
21/10/1996 09:00,    2157.000
22/10/1996 09:00,    2157.000
23/10/1996 09:00,    2213.000
24/10/1996 09:00,    2268.000
25/10/1996 09:00,    2157.000
26/10/1996 09:00,    2099.000
27/10/1996 09:00,    2099.000
28/10/1996 09:00,    2157.000
29/10/1996 09:00,    2100.000
30/10/1996 09:00,    2040.000
31/10/1996 09:00,    2970.000
01/11/1996 09:00,    2610.000
02/11/1996 09:00,    2619.000
03/11/1996 09:00,    2424.000
04/11/1996 09:00,    2213.000
05/11/1996 09:00,    2213.000
06/11/1996 09:00,    2004.000
07/11/1996 09:00,    1929.000
08/11/1996 09:00,    1929.000
09/11/1996 09:00,    1399.000
10/11/1996 09:00,    1742.000
11/11/1996 09:00,    1468.000
12/11/1996 09:00,    1399.000
13/11/1996 09:00,    1399.000
14/11/1996 09:00,    1492.000
15/11/1996 09:00,    1492.000
16/11/1996 09:00,    1529.000
17/11/1996 09:00,    2110.000
18/11/1996 09:00,    1055.000
19/11/1996 09:00,    1734.000
20/11/1996 09:00,       0.000
21/11/1996 09:00,       0.000
22/11/1996 09:00,       0.000
23/11/1996 09:00,       0.000
24/11/1996 09:00,    1055.000
25/11/1996 09:00,    1327.000
26/11/1996 09:00,    1827.000
27/11/1996 09:00,    2584.000
28/11/1996 09:00,    2359.000
29/11/1996 09:00,    2669.000
30/11/1996 09:00,    2809.000
01/12/1996 09:00,    3039.000
02/12/1996 09:00,    3039.000
03/12/1996 09:00,    3165.000
04/12/1996 09:00,    3284.000
05/12/1996 09:00,    3350.000
06/12/1996 09:00,    3496.000
07/12/1996 09:00,    3074.000
08/12/1996 09:00,    3301.000
09/12/1996 09:00,    3250.000
10/12/1996 09:00,    3267.000
11/12/1996 09:00,    3351.000
12/12/1996 09:00,    3467.000
13/12/1996 09:00,    3848.000
14/12/1996 09:00,    4401.000
15/12/1996 09:00,    5125.000
16/12/1996 09:00,    6042.000
17/12/1996 09:00,    7519.000
18/12/1996 09:00,    3192.000
19/12/1996 09:00,    3567.000
20/12/1996 09:00,    3825.000
21/12/1996 09:00,    3999.000
22/12/1996 09:00,    4026.000
23/12/1996 09:00,    3992.000
24/12/1996 09:00,    4059.000
25/12/1996 09:00,    4060.000
26/12/1996 09:00,    4031.000
27/12/1996 09:00,    4003.000
28/12/1996 09:00,    3998.000
29/12/1996 09:00,    3964.000
30/12/1996 09:00,    3960.000
31/12/1996 09:00,    5890.000
01/01/1997 09:00,    5788.000
02/01/1997 09:00,    5467.000
03/01/1997 09:00,    4950.000
04/01/1997 09:00,    4706.000
05/01/1997 09:00,    4636.000
06/01/1997 09:00,    4587.000
07/01/1997 09:00,    4713.000
08/01/1997 09:00,    4501.000
09/01/1997 09:00,    2400.000
10/01/1997 09:00,    1052.000
11/01/1997 09:00,    1495.000
12/01/1997 09:00,    1913.000
13/01/1997 09:00,    2378.000
14/01/1997 09:00,    2166.000
15/01/1997 09:00,    1069.000
16/01/1997 09:00,    1272.000
17/01/1997 09:00,     707.000
18/01/1997 09:00,    1203.000
19/01/1997 09:00,    1204.000
20/01/1997 09:00,    1210.000
21/01/1997 09:00,    1211.000
22/01/1997 09:00,    1830.000
23/01/1997 09:00,    1819.000
24/01/1997 09:00,    1508.000
25/01/1997 09:00,    1504.000
26/01/1997 09:00,    1506.000
27/01/1997 09:00,    1557.000
28/01/1997 09:00,    1505.000
29/01/1997 09:00,    2075.000
30/01/1997 09:00,    1642.000
31/01/1997 09:00,    1031.000
01/02/1997 09:00,    1342.000
02/02/1997 09:00,    1498.000
03/02/1997 09:00,    1819.000
04/02/1997 09:00,    2223.000
05/02/1997 09:00,    2078.000
06/02/1997 09:00,    1327.000
07/02/1997 09:00,     871.000
08/02/1997 09:00,     854.000
09/02/1997 09:00,     861.000
10/02/1997 09:00,     700.000
11/02/1997 09:00,     700.000
12/02/1997 09:00,     707.000
13/02/1997 09:00,     717.000
14/02/1997 09:00,     736.000
15/02/1997 09:00,    1093.000
16/02/1997 09:00,    1097.000
17/02/1997 09:00,    1084.000
18/02/1997 09:00,     571.000
19/02/1997 09:00,    1956.000
20/02/1997 09:00,    1994.000
21/02/1997 09:00,    2051.000
22/02/1997 09:00,    3413.000
23/02/1997 09:00,    3413.000
24/02/1997 09:00,    3411.000
25/02/1997 09:00,    3461.000
26/02/1997 09:00,    3493.000
27/02/1997 09:00,    3543.000
28/02/1997 09:00,    3562.000
01/03/1997 09:00,    3551.000
02/03/1997 09:00,    3549.000
03/03/1997 09:00,    3566.000
04/03/1997 09:00,    3811.000
05/03/1997 09:00,    3826.000
06/03/1997 09:00,    3825.000
07/03/1997 09:00,    3843.000
08/03/1997 09:00,    3968.000
09/03/1997 09:00,    4311.000
10/03/1997 09:00,    4500.000
11/03/1997 09:00,    4748.000
12/03/1997 09:00,    4549.000
13/03/1997 09:00,    4399.000
14/03/1997 09:00,    4183.000
15/03/1997 09:00,    4163.000
16/03/1997 09:00,    4130.000
17/03/1997 09:00,    4122.000
18/03/1997 09:00,    4194.000
19/03/1997 09:00,    4410.000
20/03/1997 09:00,    4373.000
21/03/1997 09:00,    3086.000
22/03/1997 09:00,    1840.000
23/03/1997 09:00,    1833.000
24/03/1997 09:00,    2147.000
25/03/1997 09:00,    2128.000
26/03/1997 09:00,    2129.000
27/03/1997 09:00,    2273.000
28/03/1997 09:00,    2263.000
29/03/1997 09:00,    2261.000
30/03/1997 09:00,    2563.000
31/03/1997 09:00,    2520.000
01/04/1997 09:00,    2369.000
02/04/1997 09:00,    1775.000
03/04/1997 09:00,    1295.000
04/04/1997 09:00,    1470.000
05/04/1997 09:00,    2013.000
06/04/1997 09:00,    2260.000
07/04/1997 09:00,    2640.000
08/04/1997 09:00,    2629.000
09/04/1997 09:00,    2075.000
10/04/1997 09:00,    1761.000
11/04/1997 09:00,    1750.000
12/04/1997 09:00,    1433.000
13/04/1997 09:00,    1428.000
14/04/1997 09:00,    1422.000
15/04/1997 09:00,    1886.000
16/04/1997 09:00,    2152.000
17/04/1997 09:00,    2005.000
18/04/1997 09:00,    1707.000
19/04/1997 09:00,    1401.000
20/04/1997 09:00,    1400.000
21/04/1997 09:00,    1402.000
22/04/1997 09:00,    1694.000
23/04/1997 09:00,    1975.000
24/04/1997 09:00,    1829.000
25/04/1997 09:00,    1673.000
26/04/1997 09:00,    1663.000
27/04/1997 09:00,    1359.000
28/04/1997 09:00,    1204.000
29/04/1997 09:00,    1199.000
30/04/1997 09:00,    1195.000
01/05/1997 09:00,     884.000
02/05/1997 09:00,     883.000
03/05/1997 09:00,     894.000
04/05/1997 09:00,     913.000
05/05/1997 09:00,     924.000
06/05/1997 09:00,     943.000
07/05/1997 09:00,    1291.000
08/05/1997 09:00,     951.000
09/05/1997 09:00,     957.000
10/05/1997 09:00,    1352.000
11/05/1997 09:00,    1330.000
12/05/1997 09:00,    1344.000
13/05/1997 09:00,    1526.000
14/05/1997 09:00,    1540.000
15/05/1997 09:00,    1550.000
16/05/1997 09:00,    1563.000
17/05/1997 09:00,    1204.000
18/05/1997 09:00,    1020.000
19/05/1997 09:00,     837.000
20/05/1997 09:00,     841.000
21/05/1997 09:00,    1716.000
22/05/1997 09:00,    2190.000
23/05/1997 09:00,    3641.000
24/05/1997 09:00,    4457.000
25/05/1997 09:00,    4366.000
26/05/1997 09:00,    4283.000
27/05/1997 09:00,    3818.000
28/05/1997 09:00,    3823.000
29/05/1997 09:00,    3818.000
30/05/1997 09:00,    3570.000
31/05/1997 09:00,    3683.000
01/06/1997 09:00,    3675.000
02/06/1997 09:00,    3671.000
03/06/1997 09:00,    2110.000
04/06/1997 09:00,    2567.000
05/06/1997 09:00,    2548.000
06/06/1997 09:00,    2628.000
07/06/1997 09:00,    2640.000
08/06/1997 09:00,    2654.000
09/06/1997 09:00,    2655.000
10/06/1997 09:00,     968.000
11/06/1997 09:00,    1153.000
12/06/1997 09:00,    1165.000
13/06/1997 09:00,    1214.000
14/06/1997 09:00,    1223.000
15/06/1997 09:00,    1214.000
16/06/1997 09:00,    1208.000
17/06/1997 09:00,    1754.000
18/06/1997 09:00,    1756.000
19/06/1997 09:00,    1757.000
20/06/1997 09:00,    1757.000
21/06/1997 09:00,    1207.000
22/06/1997 09:00,    1397.000
23/06/1997 09:00,    1568.000
24/06/1997 09:00,    1567.000
25/06/1997 09:00,    1564.000
26/06/1997 09:00,    1392.000
27/06/1997 09:00,    1414.000
28/06/1997 09:00,    1426.000
29/06/1997 09:00,    1431.000
30/06/1997 09:00,    1791.000
01/07/1997 09:00,     868.000
02/07/1997 09:00,    1081.000
03/07/1997 09:00,    1078.000
04/07/1997 09:00,    1627.000
05/07/1997 09:00,    1619.000
06/07/1997 09:00,    1624.000
07/07/1997 09:00,    1620.000
08/07/1997 09:00,    1619.000
09/07/1997 09:00,    1621.000
10/07/1997 09:00,    1622.000
11/07/1997 09:00,    1618.000
12/07/1997 09:00,    1618.000
13/07/1997 09:00,    1622.000
14/07/1997 09:00,    1630.000
15/07/1997 09:00,    1642.000
16/07/1997 09:00,    1652.000
17/07/1997 09:00,    1651.000
18/07/1997 09:00,    1651.000
19/07/1997 09:00,    1651.000
20/07/1997 09:00,    1652.000
21/07/1997 09:00,    1653.000
22/07/1997 09:00,    1281.000
23/07/1997 09:00,    1850.000
24/07/1997 09:00,    2386.000
25/07/1997 09:00,    2207.000
26/07/1997 09:00,    2014.000
27/07/1997 09:00,    1823.000
28/07/1997 09:00,    1464.000
29/07/1997 09:00,    1461.000
30/07/1997 09:00,    1650.000
31/07/1997 09:00,    1651.000
01/08/1997 09:00,    2013.000
02/08/1997 09:00,    2361.000
03/08/1997 09:00,    2361.000
04/08/1997 09:00,    2353.000
05/08/1997 09:00,    2510.000
06/08/1997 09:00,    2510.000
07/08/1997 09:00,    2510.000
08/08/1997 09:00,    2510.000
09/08/1997 09:00,    2504.000
10/08/1997 09:00,    2504.000
11/08/1997 09:00,    2183.000
12/08/1997 09:00,    2164.000
13/08/1997 09:00,    2164.000
14/08/1997 09:00,    2504.000
15/08/1997 09:00,    2660.000
16/08/1997 09:00,    2660.000
17/08/1997 09:00,    2654.000
18/08/1997 09:00,    2792.000
19/08/1997 09:00,    2791.000
20/08/1997 09:00,    2788.000
21/08/1997 09:00,    2633.000
22/08/1997 09:00,    2312.000
23/08/1997 09:00,    2489.000
24/08/1997 09:00,    2330.000
25/08/1997 09:00,    2337.000
26/08/1997 09:00,    2348.000
27/08/1997 09:00,    2368.000
28/08/1997 09:00,    2211.000
29/08/1997 09:00,    2049.000
30/08/1997 09:00,    1506.000
31/08/1997 09:00,    1904.000
01/09/1997 09:00,    1919.000
02/09/1997 09:00,    2509.000
03/09/1997 09:00,    1962.000
04/09/1997 09:00,     701.000
05/09/1997 09:00,     709.000
06/09/1997 09:00,     721.000
07/09/1997 09:00,    1187.000
08/09/1997 09:00,    1408.000
09/09/1997 09:00,    1422.000
10/09/1997 09:00,    3319.000
11/09/1997 09:00,    5287.000
12/09/1997 09:00,    5259.000
15/09/1997 09:00,    5287.000
16/09/1997 09:00,    5278.000
17/09/1997 09:00,    5034.000
18/09/1997 09:00,    4991.000
19/09/1997 09:00,    4631.000
20/09/1997 09:00,    5164.000
21/09/1997 09:00,    5434.000
22/09/1997 09:00,    5404.000
23/09/1997 09:00,    5199.000
24/09/1997 09:00,    5465.000
25/09/1997 09:00,    5479.000
26/09/1997 09:00,    5487.000
27/09/1997 09:00,    5632.000
28/09/1997 09:00,    5641.000
29/09/1997 09:00,    5645.000
30/09/1997 09:00,    5683.000
01/10/1997 09:00,    5701.000
02/10/1997 09:00,    5692.000
03/10/1997 09:00,    5616.000
04/10/1997 09:00,    5659.000
05/10/1997 09:00,    5030.000
06/10/1997 09:00,    5628.000
07/10/1997 09:00,    5669.000
08/10/1997 09:00,    4053.000
09/10/1997 09:00,    3161.000
10/10/1997 09:00,    4452.000
11/10/1997 09:00,    4445.000
12/10/1997 09:00,    4438.000
13/10/1997 09:00,    4240.000
14/10/1997 09:00,    4272.000
16/10/1997 09:00,    4214.000
17/10/1997 09:00,    4187.000
18/10/1997 09:00,    4314.000
19/10/1997 09:00,    4125.000
20/10/1997 09:00,    4094.000
21/10/1997 09:00,    4069.000
22/10/1997 09:00,    4043.000
23/10/1997 09:00,    4175.000
24/10/1997 09:00,    4145.000
25/10/1997 09:00,    4034.000
26/10/1997 09:00,    4088.000
27/10/1997 09:00,    4047.000
28/10/1997 09:00,    4172.000
29/10/1997 09:00,    3990.000
30/10/1997 09:00,    3971.000
31/10/1997 09:00,    4008.000
01/11/1997 09:00,    4433.000
02/11/1997 09:00,    4405.000
03/11/1997 09:00,    4389.000
04/11/1997 09:00,    4372.000
05/11/1997 09:00,    4116.000
06/11/1997 09:00,    3847.000
07/11/1997 09:00,    3852.000
08/11/1997 09:00,    3989.000
09/11/1997 09:00,    4257.000
10/11/1997 09:00,    4280.000
11/11/1997 09:00,    4375.000
12/11/1997 09:00,    4603.000
13/11/1997 09:00,    4619.000
14/11/1997 09:00,    3852.000
15/11/1997 09:00,     670.000
16/11/1997 09:00,    1508.000
17/11/1997 09:00,    2491.000
18/11/1997 09:00,    2690.000
19/11/1997 09:00,    2885.000
20/11/1997 09:00,    1324.000
21/11/1997 09:00,     694.000
22/11/1997 09:00,     702.000
23/11/1997 09:00,     709.000
24/11/1997 09:00,     720.000
25/11/1997 09:00,    1625.000
26/11/1997 09:00,    3272.000
27/11/1997 09:00,    3844.000
28/11/1997 09:00,    4372.000
29/11/1997 09:00,    4393.000
30/11/1997 09:00,    3871.000
01/12/1997 09:00,    4887.000
02/12/1997 09:00,    4554.000
03/12/1997 09:00,    4033.000
04/12/1997 09:00,    4015.000
05/12/1997 09:00,    3646.000
06/12/1997 09:00,    3278.000
07/12/1997 09:00,    3270.000
08/12/1997 09:00,    3272.000
09/12/1997 09:00,    3243.000
10/12/1997 09:00,    1589.000
11/12/1997 09:00,    1586.000
12/12/1997 09:00,    1362.000
13/12/1997 09:00,     937.000
14/12/1997 09:00,     931.000
15/12/1997 09:00,     933.000
16/12/1997 09:00,     930.000
17/12/1997 09:00,     926.000
18/12/1997 09:00,     927.000
19/12/1997 09:00,     924.000
20/12/1997 09:00,     927.000
21/12/1997 09:00,     921.000
22/12/1997 09:00,     925.000
23/12/1997 09:00,     931.000
24/12/1997 09:00,     935.000
25/12/1997 09:00,     943.000
26/12/1997 09:00,    1377.000
27/12/1997 09:00,    1161.000
28/12/1997 09:00,     706.000
29/12/1997 09:00,     708.000
30/12/1997 09:00,     708.000
31/12/1997 09:00,     692.000
01/01/1998 09:00,     936.000
03/01/1998 09:00,     936.000
04/01/1998 09:00,     934.000
05/01/1998 09:00,     931.000
06/01/1998 09:00,     935.000
07/01/1998 09:00,     937.000
08/01/1998 09:00,     931.000
09/01/1998 09:00,     931.000
10/01/1998 09:00,     703.000
11/01/1998 09:00,     704.000
12/01/1998 09:00,     706.000
13/01/1998 09:00,     707.000
14/01/1998 09:00,     695.000
15/01/1998 09:00,     687.000
16/01/1998 09:00,     686.000
17/01/1998 09:00,     685.000
18/01/1998 09:00,     683.000
19/01/1998 09:00,     685.000
20/01/1998 09:00,     685.000
21/01/1998 09:00,     682.000
22/01/1998 09:00,     683.000
23/01/1998 09:00,     686.000
24/01/1998 09:00,     691.000
25/01/1998 09:00,     697.000
26/01/1998 09:00,     702.000
27/01/1998 09:00,     704.000
28/01/1998 09:00,     690.000
29/01/1998 09:00,     693.000
30/01/1998 09:00,     700.000
31/01/1998 09:00,    1604.000
01/02/1998 09:00,    2045.000
02/02/1998 09:00,    2656.000
03/02/1998 09:00,    3221.000
04/02/1998 09:00,    2840.000
05/02/1998 09:00,    2423.000
06/02/1998 09:00,    2006.000
07/02/1998 09:00,    1799.000
08/02/1998 09:00,    1792.000
09/02/1998 09:00,    1786.000
10/02/1998 09:00,    1353.000
11/02/1998 09:00,     920.000
12/02/1998 09:00,     928.000
13/02/1998 09:00,    1364.000
14/02/1998 09:00,    1588.000
15/02/1998 09:00,    1587.000
16/02/1998 09:00,    1584.000
17/02/1998 09:00,    1592.000
18/02/1998 09:00,    1595.000
19/02/1998 09:00,    1594.000
20/02/1998 09:00,    1375.000
21/02/1998 09:00,    1381.000
22/02/1998 09:00,    1385.000
23/02/1998 09:00,    1392.000
24/02/1998 09:00,    1839.000
25/02/1998 09:00,    2258.000
26/02/1998 09:00,    2262.000
27/02/1998 09:00,    2050.000
28/02/1998 09:00,    2267.000
01/03/1998 09:00,    2063.000
02/03/1998 09:00,    2064.000
03/03/1998 09:00,    3101.000
04/03/1998 09:00,    3286.000
05/03/1998 09:00,    3808.000
06/03/1998 09:00,    3803.000
07/03/1998 09:00,    3964.000
08/03/1998 09:00,    4110.000
09/03/1998 09:00,    4091.000
10/03/1998 09:00,    4567.000
11/03/1998 09:00,    4592.000
12/03/1998 09:00,    4519.000
13/03/1998 09:00,    4491.000
14/03/1998 09:00,    4605.000
15/03/1998 09:00,    4570.000
16/03/1998 09:00,    4543.000
17/03/1998 09:00,    4509.000
18/03/1998 09:00,    4476.000
19/03/1998 09:00,    4444.000
20/03/1998 09:00,    4280.000
21/03/1998 09:00,    4252.000
22/03/1998 09:00,    4235.000
23/03/1998 09:00,    4323.000
24/03/1998 09:00,    4411.000
25/03/1998 09:00,    4370.000
26/03/1998 09:00,    4339.000
27/03/1998 09:00,    4412.000
28/03/1998 09:00,    4373.000
29/03/1998 09:00,    4332.000
30/03/1998 09:00,    4291.000
31/03/1998 09:00,    4351.000
01/04/1998 09:00,    3885.000
02/04/1998 09:00,    3380.000
03/04/1998 09:00,    3103.000
04/04/1998 09:00,    3096.000
05/04/1998 09:00,    3086.000
06/04/1998 09:00,    3213.000
07/04/1998 09:00,    3201.000
08/04/1998 09:00,    3187.000
09/04/1998 09:00,    3278.000
10/04/1998 09:00,    3269.000
11/04/1998 09:00,    3258.000
12/04/1998 09:00,    3247.000
13/04/1998 09:00,    3119.000
14/04/1998 09:00,    2860.000
15/04/1998 09:00,    1390.000
16/04/1998 09:00,    1395.000
17/04/1998 09:00,    2086.000
18/04/1998 09:00,    2404.000
19/04/1998 09:00,    2079.000
20/04/1998 09:00,    1567.000
21/04/1998 09:00,    1023.000
22/04/1998 09:00,    1019.000
23/04/1998 09:00,    1023.000
24/04/1998 09:00,    1030.000
25/04/1998 09:00,     835.000
26/04/1998 09:00,     841.000
27/04/1998 09:00,    1233.000
28/04/1998 09:00,     851.000
29/04/1998 09:00,     856.000
30/04/1998 09:00,     866.000
01/05/1998 09:00,     811.000
02/05/1998 09:00,     890.000
03/05/1998 09:00,     899.000
04/05/1998 09:00,     903.000
05/05/1998 09:00,     912.000
06/05/1998 09:00,    1131.000
07/05/1998 09:00,    1138.000
08/05/1998 09:00,    1143.000
09/05/1998 09:00,    1152.000
10/05/1998 09:00,    1163.000
11/05/1998 09:00,    1168.000
12/05/1998 09:00,    1841.000
13/05/1998 09:00,    1817.000
14/05/1998 09:00,     957.000
15/05/1998 09:00,     730.000
16/05/1998 09:00,     731.000
17/05/1998 09:00,     735.000
18/05/1998 09:00,     741.000
19/05/1998 09:00,    1213.000
20/05/1998 09:00,    1211.000
21/05/1998 09:00,     992.000
22/05/1998 09:00,    1679.000
23/05/1998 09:00,    1899.000
24/05/1998 09:00,    1898.000
25/05/1998 09:00,    1899.000
26/05/1998 09:00,    1903.000
27/05/1998 09:00,    2124.000
28/05/1998 09:00,    2747.000
29/05/1998 09:00,    2747.000
30/05/1998 09:00,    2742.000
31/05/1998 09:00,    2734.000
01/06/1998 09:00,    2316.000
02/06/1998 09:00,    2312.000
03/06/1998 09:00,    1889.000
04/06/1998 09:00,    1886.000
05/06/1998 09:00,    1887.000
06/06/1998 09:00,    1889.000
07/06/1998 09:00,    1438.000
08/06/1998 09:00,    1436.000
09/06/1998 09:00,    1433.000
10/06/1998 09:00,    1437.000
11/06/1998 09:00,    1443.000
12/06/1998 09:00,    1437.000
13/06/1998 09:00,    1439.000
14/06/1998 09:00,    1440.000
15/06/1998 09:00,    1441.000
16/06/1998 09:00,    1440.000
18/06/1998 09:00,    1440.000
19/06/1998 09:00,    1441.000
20/06/1998 09:00,    1442.000
21/06/1998 09:00,    1443.000
22/06/1998 09:00,    1667.000
23/06/1998 09:00,    1440.000
24/06/1998 09:00,    1439.000
25/06/1998 09:00,    1667.000
26/06/1998 09:00,    1666.000
28/06/1998 09:00,    1666.000
29/06/1998 09:00,    1664.000
30/06/1998 09:00,    1659.000
01/07/1998 09:00,    1433.000
02/07/1998 09:00,    1431.000
03/07/1998 09:00,    1432.000
04/07/1998 09:00,    1434.000
05/07/1998 09:00,    1436.000
06/07/1998 09:00,    1661.000
07/07/1998 09:00,    1661.000
08/07/1998 09:00,    1886.000
09/07/1998 09:00,    2103.000
10/07/1998 09:00,    2102.000
11/07/1998 09:00,    2102.000
12/07/1998 09:00,    1881.000
13/07/1998 09:00,    1434.000
14/07/1998 09:00,     984.000
15/07/1998 09:00,     985.000
16/07/1998 09:00,     987.000
17/07/1998 09:00,    1225.000
18/07/1998 09:00,    1671.000
19/07/1998 09:00,    1679.000
20/07/1998 09:00,    1899.000
21/07/1998 09:00,     995.000
22/07/1998 09:00,     998.000
23/07/1998 09:00,    1000.000
24/07/1998 09:00,    1923.000
25/07/1998 09:00,    2579.000
26/07/1998 09:00,    2581.000
27/07/1998 09:00,    2590.000
28/07/1998 09:00,    2166.000
29/07/1998 09:00,    2169.000
30/07/1998 09:00,    2167.000
31/07/1998 09:00,    2171.000
01/08/1998 09:00,    2619.000
02/08/1998 09:00,    2627.000
03/08/1998 09:00,    2842.000
04/08/1998 09:00,    2850.000
05/08/1998 09:00,    2860.000
06/08/1998 09:00,    2865.000
07/08/1998 09:00,    2872.000
08/08/1998 09:00,    2872.000
09/08/1998 09:00,    2878.000
10/08/1998 09:00,    2884.000
11/08/1998 09:00,    2665.000
12/08/1998 09:00,    2671.000
13/08/1998 09:00,    2459.000
14/08/1998 09:00,    2466.000
15/08/1998 09:00,    2473.000
16/08/1998 09:00,    2486.000
17/08/1998 09:00,    2031.000
18/08/1998 09:00,    1555.000
19/08/1998 09:00,    1316.000
20/08/1998 09:00,    1324.000
21/08/1998 09:00,    1330.000
22/08/1998 09:00,    1838.000
23/08/1998 09:00,    2348.000
24/08/1998 09:00,    2355.000
25/08/1998 09:00,    2609.000
26/08/1998 09:00,    2611.000
27/08/1998 09:00,    2856.000
28/08/1998 09:00,    2870.000
29/08/1998 09:00,    2634.000
30/08/1998 09:00,    2648.000
31/08/1998 09:00,    2653.000
01/09/1998 09:00,    3144.000
02/09/1998 09:00,    3152.000
03/09/1998 09:00,    3154.000
04/09/1998 09:00,    3640.000
05/09/1998 09:00,    3402.000
06/09/1998 09:00,    2932.000
07/09/1998 09:00,    2941.000
08/09/1998 09:00,    1099.000
09/09/1998 09:00,    1091.000
10/09/1998 09:00,    1086.000
11/09/1998 09:00,    4518.000
12/09/1998 09:00,    6384.000
13/09/1998 09:00,    7546.000
14/09/1998 09:00,    7519.000
15/09/1998 09:00,    8484.000
16/09/1998 09:00,    8444.000
17/09/1998 09:00,    8370.000
18/09/1998 09:00,    8778.000
19/09/1998 09:00,    8606.000
20/09/1998 09:00,    8010.000
21/09/1998 09:00,    7440.000
22/09/1998 09:00,    7381.000
23/09/1998 09:00,    7307.000
24/09/1998 09:00,    7252.000
25/09/1998 09:00,    7188.000
26/09/1998 09:00,    7148.000
27/09/1998 09:00,    7063.000
28/09/1998 09:00,    6991.000
29/09/1998 09:00,    6880.000
30/09/1998 09:00,    6777.000
01/10/1998 09:00,    6612.000
02/10/1998 09:00,    6487.000
03/10/1998 09:00,    6378.000
04/10/1998 09:00,    6276.000
05/10/1998 09:00,    6218.000
06/10/1998 09:00,    6131.000
07/10/1998 09:00,    5989.000
08/10/1998 09:00,    5861.000
09/10/1998 09:00,    5748.000
10/10/1998 09:00,    5612.000
11/10/1998 09:00,    5474.000
12/10/1998 09:00,    5359.000
13/10/1998 09:00,    5095.000
14/10/1998 09:00,    4953.000
15/10/1998 09:00,    4902.000
16/10/1998 09:00,    4884.000
17/10/1998 09:00,    4855.000
18/10/1998 09:00,    4874.000
19/10/1998 09:00,    4882.000
20/10/1998 09:00,    4892.000
21/10/1998 09:00,    4889.000
22/10/1998 09:00,    4868.000
23/10/1998 09:00,    4856.000
24/10/1998 09:00,    4560.000
25/10/1998 09:00,    4597.000
26/10/1998 09:00,    4612.000
27/10/1998 09:00,    4628.000
28/10/1998 09:00,    4646.000
29/10/1998 09:00,    1900.000
30/10/1998 09:00,     988.000
31/10/1998 09:00,    1006.000
01/11/1998 09:00,     518.000
02/11/1998 09:00,     529.000
03/11/1998 09:00,     553.000
04/11/1998 09:00,     581.000
05/11/1998 09:00,     615.000
06/11/1998 09:00,     628.000
07/11/1998 09:00,     630.000
08/11/1998 09:00,     631.000
09/11/1998 09:00,     638.000
10/11/1998 09:00,     642.000
11/11/1998 09:00,     463.000
12/11/1998 09:00,     464.000
13/11/1998 09:00,     468.000
14/11/1998 09:00,     470.000
15/11/1998 09:00,     470.000
16/11/1998 09:00,     474.000
17/11/1998 09:00,     477.000
18/11/1998 09:00,     473.000
19/11/1998 09:00,     470.000
20/11/1998 09:00,     470.000
21/11/1998 09:00,     909.000
22/11/1998 09:00,     915.000
23/11/1998 09:00,     919.000
24/11/1998 09:00,    1595.000
25/11/1998 09:00,    2241.000
26/11/1998 09:00,    2222.000
27/11/1998 09:00,    4498.000
28/11/1998 09:00,    4495.000
29/11/1998 09:00,    4501.000
30/11/1998 09:00,    4501.000
01/12/1998 09:00,    6256.000
02/12/1998 09:00,    6254.000
03/12/1998 09:00,    6240.000
04/12/1998 09:00,    4281.000
05/12/1998 09:00,    2222.000
06/12/1998 09:00,    2254.000
07/12/1998 09:00,    1158.000
08/12/1998 09:00,    1410.000
09/12/1998 09:00,    1430.000
10/12/1998 09:00,    1444.000
11/12/1998 09:00,    2176.000
12/12/1998 09:00,    2196.000
13/12/1998 09:00,    2205.000
14/12/1998 09:00,    1740.000
15/12/1998 09:00,    1752.000
16/12/1998 09:00,    1763.000
17/12/1998 09:00,    4423.000
18/12/1998 09:00,    4417.000
19/12/1998 09:00,    4428.000
20/12/1998 09:00,    4416.000
21/12/1998 09:00,    4460.000
22/12/1998 09:00,    5168.000
23/12/1998 09:00,    5186.000
24/12/1998 09:00,    5893.000
25/12/1998 09:00,    4573.000
26/12/1998 09:00,    4575.000
27/12/1998 09:00,    3851.000
28/12/1998 09:00,    3849.000
29/12/1998 09:00,    3850.000
30/12/1998 09:00,    2353.000
31/12/1998 09:00,     841.000
01/01/1999 09:00,     848.000
02/01/1999 09:00,     849.000
03/01/1999 09:00,     850.000
04/01/1999 09:00,    1824.000
05/01/1999 09:00,    2247.000
06/01/1999 09:00,    2770.000
07/01/1999 09:00,    4322.000
08/01/1999 09:00,    4326.000
09/01/1999 09:00,    5060.000
10/01/1999 09:00,    7002.000
11/01/1999 09:00,    6773.000
12/01/1999 09:00,    6561.000
13/01/1999 09:00,    5446.000
14/01/1999 09:00,    4501.000
15/01/1999 09:00,    4518.000
16/01/1999 09:00,    8368.000
17/01/1999 09:00,    8345.000
18/01/1999 09:00,    8332.000
19/01/1999 09:00,    8960.000
20/01/1999 09:00,    9567.000
21/01/1999 09:00,    8888.000
22/01/1999 09:00,    8664.000
23/01/1999 09:00,    8877.000
24/01/1999 09:00,    8810.000
25/01/1999 09:00,    8991.000
26/01/1999 09:00,    8932.000
27/01/1999 09:00,    8912.000
28/01/1999 09:00,    8886.000
29/01/1999 09:00,    8846.000
30/01/1999 09:00,    9174.000
31/01/1999 09:00,    8766.000
01/02/1999 09:00,    8729.000
02/02/1999 09:00,    8708.000
03/02/1999 09:00,    9233.000
04/02/1999 09:00,    9194.000
05/02/1999 09:00,    9149.000
06/02/1999 09:00,    8747.000
07/02/1999 09:00,    8693.000
08/02/1999 09:00,    8662.000
09/02/1999 09:00,    8647.000
10/02/1999 09:00,    8824.000
11/02/1999 09:00,    8796.000
12/02/1999 09:00,    8667.000
13/02/1999 09:00,    8563.000
14/02/1999 09:00,    8536.000
15/02/1999 09:00,    8522.000
16/02/1999 09:00,    9240.000
17/02/1999 09:00,    9215.000
18/02/1999 09:00,    9154.000
19/02/1999 09:00,    9130.000
20/02/1999 09:00,    9061.000
21/02/1999 09:00,    8988.000
22/02/1999 09:00,    8915.000
23/02/1999 09:00,    8848.000
24/02/1999 09:00,    8776.000
25/02/1999 09:00,    8756.000
26/02/1999 09:00,    8699.000
27/02/1999 09:00,    8635.000
28/02/1999 09:00,    8585.000
01/03/1999 09:00,    8536.000
02/03/1999 09:00,    8549.000
03/03/1999 09:00,    8474.000
04/03/1999 09:00,    8447.000
05/03/1999 09:00,    7933.000
06/03/1999 09:00,    7894.000
07/03/1999 09:00,    7849.000
08/03/1999 09:00,    7793.000
09/03/1999 09:00,    8169.000
10/03/1999 09:00,    8187.000
11/03/1999 09:00,    7816.000
12/03/1999 09:00,    7736.000
13/03/1999 09:00,    7752.000
14/03/1999 09:00,    7535.000
15/03/1999 09:00,    7434.000
16/03/1999 09:00,    7331.000
17/03/1999 09:00,    7358.000
18/03/1999 09:00,    7302.000
19/03/1999 09:00,    7160.000
20/03/1999 09:00,    5946.000
21/03/1999 09:00,    5759.000
22/03/1999 09:00,    5671.000
23/03/1999 09:00,    5635.000
24/03/1999 09:00,    5425.000
25/03/1999 09:00,    4011.000
26/03/1999 09:00,    4683.000
27/03/1999 09:00,    4842.000
28/03/1999 09:00,    4778.000
29/03/1999 09:00,    4744.000
30/03/1999 09:00,    4939.000
31/03/1999 09:00,    4797.000
01/04/1999 09:00,    4666.000
02/04/1999 09:00,    4833.000
03/04/1999 09:00,    4770.000
04/04/1999 09:00,    4699.000
05/04/1999 09:00,    4618.000
06/04/1999 09:00,    4528.000
07/04/1999 09:00,    4295.000
08/04/1999 09:00,    4196.000
09/04/1999 09:00,    4127.000
10/04/1999 09:00,    4066.000
11/04/1999 09:00,    4019.000
12/04/1999 09:00,    3947.000
13/04/1999 09:00,    3899.000
14/04/1999 09:00,    3786.000
15/04/1999 09:00,    3732.000
16/04/1999 09:00,    3681.000
17/04/1999 09:00,    2628.000
18/04/1999 09:00,    2164.000
19/04/1999 09:00,    2152.000
20/04/1999 09:00,    2092.000
21/04/1999 09:00,    2061.000
22/04/1999 09:00,    2176.000
23/04/1999 09:00,    2220.000
24/04/1999 09:00,    2125.000
25/04/1999 09:00,    2617.000
26/04/1999 09:00,    2765.000
27/04/1999 09:00,    2702.000
28/04/1999 09:00,    2654.000
29/04/1999 09:00,    1746.000
30/04/1999 09:00,     945.000
01/05/1999 09:00,     939.000
02/05/1999 09:00,     938.000
03/05/1999 09:00,     940.000
04/05/1999 09:00,     937.000
05/05/1999 09:00,     934.000
06/05/1999 09:00,    2320.000
07/05/1999 09:00,    2232.000
08/05/1999 09:00,    2113.000
09/05/1999 09:00,    2045.000
10/05/1999 09:00,    1992.000
11/05/1999 09:00,    1550.000
12/05/1999 09:00,    1644.000
13/05/1999 09:00,    2606.000
14/05/1999 09:00,    1678.000
15/05/1999 09:00,    1464.000
16/05/1999 09:00,    1582.000
17/05/1999 09:00,    1657.000
18/05/1999 09:00,    1948.000
19/05/1999 09:00,    2237.000
20/05/1999 09:00,    2484.000
21/05/1999 09:00,    2610.000
22/05/1999 09:00,    1113.000
23/05/1999 09:00,     813.000
24/05/1999 09:00,     812.000
25/05/1999 09:00,    3169.000
26/05/1999 09:00,     809.000
27/05/1999 09:00,     792.000
28/05/1999 09:00,     742.000
29/05/1999 09:00,     721.000
30/05/1999 09:00,     706.000
31/05/1999 09:00,     701.000
01/06/1999 09:00,     666.000
02/06/1999 09:00,     663.000
03/06/1999 09:00,     696.000
04/06/1999 09:00,     698.000
05/06/1999 09:00,     708.000
06/06/1999 09:00,     698.000
07/06/1999 09:00,     690.000
08/06/1999 09:00,     689.000
09/06/1999 09:00,     686.000
10/06/1999 09:00,     678.000
11/06/1999 09:00,     675.000
12/06/1999 09:00,     676.000
13/06/1999 09:00,     678.000
14/06/1999 09:00,     655.000
15/06/1999 09:00,     645.000
16/06/1999 09:00,     603.000
17/06/1999 09:00,     591.000
18/06/1999 09:00,     721.000
19/06/1999 09:00,     702.000
20/06/1999 09:00,     693.000
21/06/1999 09:00,     673.000
22/06/1999 09:00,     654.000
23/06/1999 09:00,     745.000
24/06/1999 09:00,     719.000
25/06/1999 09:00,     677.000
26/06/1999 09:00,     648.000
27/06/1999 09:00,     653.000
28/06/1999 09:00,     655.000
29/06/1999 09:00,     722.000
30/06/1999 09:00,     684.000
01/07/1999 09:00,     672.000
02/07/1999 09:00,     657.000
03/07/1999 09:00,     670.000
04/07/1999 09:00,     667.000
05/07/1999 09:00,     683.000
06/07/1999 09:00,     686.000
07/07/1999 09:00,     845.000
08/07/1999 09:00,     850.000
09/07/1999 09:00,     886.000
10/07/1999 09:00,     865.000
11/07/1999 09:00,     845.000
12/07/1999 09:00,     822.000
13/07/1999 09:00,     924.000
14/07/1999 09:00,     905.000
15/07/1999 09:00,     895.000
17/07/1999 09:00,     617.000
18/07/1999 09:00,     651.000
19/07/1999 09:00,     688.000
20/07/1999 09:00,     699.000
21/07/1999 09:00,     702.000
22/07/1999 09:00,     692.000
23/07/1999 09:00,     686.000
24/07/1999 09:00,     688.000
25/07/1999 09:00,     704.000
26/07/1999 09:00,     732.000
27/07/1999 09:00,     770.000
28/07/1999 09:00,     848.000
29/07/1999 09:00,     883.000
30/07/1999 09:00,    2659.000
31/07/1999 09:00,    2615.000
01/08/1999 09:00,    2500.000
02/08/1999 09:00,    2385.000
03/08/1999 09:00,    2250.000
04/08/1999 09:00,    2254.000
05/08/1999 09:00,    2265.000
06/08/1999 09:00,    2278.000
07/08/1999 09:00,    2290.000
08/08/1999 09:00,    2288.000
09/08/1999 09:00,    2106.000
10/08/1999 09:00,    1960.000
11/08/1999 09:00,    1600.000
12/08/1999 09:00,    1628.000
13/08/1999 09:00,    1641.000
14/08/1999 09:00,     841.000
15/08/1999 09:00,    1146.000
16/08/1999 09:00,    1844.000
17/08/1999 09:00,    1866.000
18/08/1999 09:00,    1463.000
19/08/1999 09:00,     873.000
20/08/1999 09:00,     883.000
21/08/1999 09:00,     894.000
22/08/1999 09:00,    1065.000
23/08/1999 09:00,    1384.000
24/08/1999 09:00,    2005.000
25/08/1999 09:00,    1860.000
26/08/1999 09:00,     936.000
27/08/1999 09:00,     761.000
28/08/1999 09:00,     752.000
29/08/1999 09:00,     763.000
30/08/1999 09:00,     764.000
31/08/1999 09:00,     739.000
01/09/1999 09:00,     725.000
02/09/1999 09:00,     722.000
03/09/1999 09:00,     721.000
04/09/1999 09:00,     733.000
05/09/1999 09:00,     757.000
06/09/1999 09:00,     769.000
07/09/1999 09:00,     783.000
08/09/1999 09:00,     796.000
09/09/1999 09:00,     800.000
10/09/1999 09:00,     799.000
11/09/1999 09:00,     796.000
12/09/1999 09:00,     800.000
13/09/1999 09:00,     807.000
14/09/1999 09:00,     807.000
15/09/1999 09:00,     800.000
16/09/1999 09:00,     830.000
17/09/1999 09:00,     849.000
18/09/1999 09:00,     859.000
19/09/1999 09:00,     872.000
20/09/1999 09:00,     887.000
21/09/1999 09:00,     935.000
22/09/1999 09:00,     945.000
23/09/1999 09:00,     961.000
24/09/1999 09:00,     967.000
25/09/1999 09:00,     974.000
26/09/1999 09:00,     985.000
27/09/1999 09:00,    1239.000
28/09/1999 09:00,    1744.000
29/09/1999 09:00,    2904.000
30/09/1999 09:00,    3582.000
01/10/1999 09:00,    4070.000
02/10/1999 09:00,    4212.000
03/10/1999 09:00,    4229.000
04/10/1999 09:00,    4253.000
05/10/1999 09:00,    4267.000
06/10/1999 09:00,    6281.000
07/10/1999 09:00,    6087.000
08/10/1999 09:00,    6090.000
09/10/1999 09:00,    5265.000
10/10/1999 09:00,    6260.000
11/10/1999 09:00,    6390.000
12/10/1999 09:00,    6361.000
13/10/1999 09:00,    6187.000
14/10/1999 09:00,    6154.000
15/10/1999 09:00,    4993.000
16/10/1999 09:00,    4788.000
17/10/1999 09:00,    4977.000
18/10/1999 09:00,    4955.000
19/10/1999 09:00,    5140.000
20/10/1999 09:00,    5118.000
21/10/1999 09:00,    5090.000
22/10/1999 09:00,    4966.000
23/10/1999 09:00,    4704.000
24/10/1999 09:00,    4680.000
25/10/1999 09:00,    4487.000
26/10/1999 09:00,    4460.000
27/10/1999 09:00,    4619.000
28/10/1999 09:00,    4386.000
29/10/1999 09:00,    3456.000
30/10/1999 09:00,    3069.000
01/11/1999 09:00,    3238.000
02/11/1999 09:00,    3223.000
03/11/1999 09:00,    3175.000
04/11/1999 09:00,    2402.000
05/11/1999 09:00,    2390.000
06/11/1999 09:00,    2574.000
07/11/1999 09:00,    2370.000
08/11/1999 09:00,    1961.000
09/11/1999 09:00,    1976.000
10/11/1999 09:00,    2367.000
11/11/1999 09:00,    1958.000
12/11/1999 09:00,    1551.000
15/11/1999 09:00,    1583.000
16/11/1999 09:00,    1590.000
17/11/1999 09:00,    1597.000
18/11/1999 09:00,    1453.000
19/11/1999 09:00,     945.000
20/11/1999 09:00,    1423.000
21/11/1999 09:00,    1653.000
22/11/1999 09:00,    1208.000
23/11/1999 09:00,    1212.000
24/11/1999 09:00,     748.000
25/11/1999 09:00,    1238.000
26/11/1999 09:00,    1472.000
27/11/1999 09:00,    1731.000
28/11/1999 09:00,    2225.000
29/11/1999 09:00,    3185.000
30/11/1999 09:00,    4409.000
01/12/1999 09:00,    4437.000
02/12/1999 09:00,    4486.000
03/12/1999 09:00,    5248.000
04/12/1999 09:00,    3402.000
05/12/1999 09:00,    2741.000
06/12/1999 09:00,    2744.000
07/12/1999 09:00,    2530.000
08/12/1999 09:00,    2535.000
09/12/1999 09:00,    2535.000
10/12/1999 09:00,    2538.000
11/12/1999 09:00,    2783.000
12/12/1999 09:00,    2777.000
13/12/1999 09:00,    2544.000
14/12/1999 09:00,    2552.000
15/12/1999 09:00,    2562.000
16/12/1999 09:00,    2565.000
17/12/1999 09:00,    3036.000
18/12/1999 09:00,    3039.000
19/12/1999 09:00,    3043.000
20/12/1999 09:00,    3055.000
21/12/1999 09:00,    4435.000
22/12/1999 09:00,    5074.000
23/12/1999 09:00,    5297.000
24/12/1999 09:00,    5290.000
25/12/1999 09:00,    5074.000
26/12/1999 09:00,    4872.000
27/12/1999 09:00,    4455.000
28/12/1999 09:00,    4465.000
29/12/1999 09:00,    4465.000
30/12/1999 09:00,    3094.000
31/12/1999 09:00,    2117.000
01/01/2000 09:00,    2368.000
02/01/2000 09:00,    2382.000
03/01/2000 09:00,    2880.000
04/01/2000 09:00,    3366.000
05/01/2000 09:00,    3369.000
06/01/2000 09:00,    3373.000
07/01/2000 09:00,    3366.000
08/01/2000 09:00,    1359.000
09/01/2000 09:00,    1362.000
10/01/2000 09:00,    1639.000
11/01/2000 09:00,    1912.000
12/01/2000 09:00,    2175.000
13/01/2000 09:00,    2179.000
14/01/2000 09:00,    1924.000
15/01/2000 09:00,    1936.000
16/01/2000 09:00,    1940.000
17/01/2000 09:00,    1945.000
18/01/2000 09:00,    2217.000
19/01/2000 09:00,    2221.000
20/01/2000 09:00,    2223.000
21/01/2000 09:00,    2223.000
22/01/2000 09:00,    2478.000
23/01/2000 09:00,    2215.000
24/01/2000 09:00,    2207.000
25/01/2000 09:00,    2993.000
26/01/2000 09:00,    3244.000
27/01/2000 09:00,    3229.000
28/01/2000 09:00,    3222.000
29/01/2000 09:00,    2195.000
30/01/2000 09:00,    2444.000
31/01/2000 09:00,    2440.000
01/02/2000 09:00,    2183.000
02/02/2000 09:00,    2449.000
03/02/2000 09:00,    2696.000
04/02/2000 09:00,    3676.000
05/02/2000 09:00,    3684.000
06/02/2000 09:00,    3907.000
07/02/2000 09:00,    4142.000
08/02/2000 09:00,    3872.000
09/02/2000 09:00,    3868.000
10/02/2000 09:00,    3647.000
11/02/2000 09:00,    3852.000
12/02/2000 09:00,    3844.000
13/02/2000 09:00,    3580.000
14/02/2000 09:00,    3362.000
15/02/2000 09:00,    3369.000
16/02/2000 09:00,    4057.000
17/02/2000 09:00,    4719.000
18/02/2000 09:00,    5364.000
19/02/2000 09:00,    5347.000
20/02/2000 09:00,    5340.000
21/02/2000 09:00,    4900.000
22/02/2000 09:00,    4264.000
23/02/2000 09:00,    3091.000
24/02/2000 09:00,    3097.000
25/02/2000 09:00,    4255.000
26/02/2000 09:00,    4900.000
27/02/2000 09:00,    4906.000
28/02/2000 09:00,    4911.000
29/02/2000 09:00,    5303.000
01/03/2000 09:00,    3836.000
02/03/2000 09:00,    4017.000
03/03/2000 09:00,    4017.000
04/03/2000 09:00,    4004.000
05/03/2000 09:00,    4013.000
06/03/2000 09:00,    4227.000
07/03/2000 09:00,    4212.000
08/03/2000 09:00,    2333.000
09/03/2000 09:00,     803.000
10/03/2000 09:00,     803.000
11/03/2000 09:00,     806.000
12/03/2000 09:00,     806.000
13/03/2000 09:00,     807.000
14/03/2000 09:00,     806.000
15/03/2000 09:00,    1579.000
16/03/2000 09:00,    1825.000
17/03/2000 09:00,    3303.000
18/03/2000 09:00,    4194.000
19/03/2000 09:00,    4189.000
20/03/2000 09:00,    4375.000
21/03/2000 09:00,    4369.000
22/03/2000 09:00,    4122.000
23/03/2000 09:00,    4083.000
24/03/2000 09:00,    4073.000
25/03/2000 09:00,    4261.000
26/03/2000 09:00,    4240.000
27/03/2000 09:00,    4442.000
28/03/2000 09:00,    5026.000
29/03/2000 09:00,    5064.000
30/03/2000 09:00,    5396.000
31/03/2000 09:00,    4369.000
01/04/2000 09:00,    2639.000
02/04/2000 09:00,    2182.000
03/04/2000 09:00,    2213.000
04/04/2000 09:00,    1740.000
05/04/2000 09:00,    1738.000
06/04/2000 09:00,    1736.000
07/04/2000 09:00,    2408.000
08/04/2000 09:00,    4441.000
09/04/2000 09:00,    4810.000
10/04/2000 09:00,    4747.000
11/04/2000 09:00,    4712.000
12/04/2000 09:00,    4992.000
13/04/2000 09:00,    4968.000
14/04/2000 09:00,    4591.000
15/04/2000 09:00,    4070.000
16/04/2000 09:00,    3674.000
17/04/2000 09:00,    3674.000
18/04/2000 09:00,    4045.000
19/04/2000 09:00,    4363.000
20/04/2000 09:00,    4333.000
21/04/2000 09:00,    4134.000
22/04/2000 09:00,    3940.000
23/04/2000 09:00,    3914.000
24/04/2000 09:00,    3720.000
25/04/2000 09:00,    3702.000
26/04/2000 09:00,    3690.000
27/04/2000 09:00,    1956.000
28/04/2000 09:00,    1759.000
29/04/2000 09:00,    2177.000
30/04/2000 09:00,    2751.000
01/05/2000 09:00,    1565.000
02/05/2000 09:00,    1139.000
03/05/2000 09:00,     923.000
04/05/2000 09:00,     922.000
05/05/2000 09:00,     926.000
06/05/2000 09:00,     703.000
07/05/2000 09:00,     706.000
08/05/2000 09:00,     938.000
09/05/2000 09:00,     941.000
10/05/2000 09:00,     941.000
11/05/2000 09:00,     942.000
12/05/2000 09:00,     945.000
13/05/2000 09:00,     945.000
15/05/2000 09:00,     945.000
16/05/2000 09:00,    1169.000
17/05/2000 09:00,     715.000
19/05/2000 09:00,     715.000
20/05/2000 09:00,     714.000
21/05/2000 09:00,     713.000
22/05/2000 09:00,     712.000
23/05/2000 09:00,     715.000
24/05/2000 09:00,     719.000
25/05/2000 09:00,     704.000
26/05/2000 09:00,     725.000
27/05/2000 09:00,     723.000
28/05/2000 09:00,     722.000
29/05/2000 09:00,     721.000
30/05/2000 09:00,     724.000
31/05/2000 09:00,     729.000
01/06/2000 09:00,     965.000
02/06/2000 09:00,     972.000
03/06/2000 09:00,     972.000
04/06/2000 09:00,     978.000
05/06/2000 09:00,     981.000
06/06/2000 09:00,    1221.000
07/06/2000 09:00,    1677.000
08/06/2000 09:00,    1574.000
09/06/2000 09:00,    1455.000
10/06/2000 09:00,    1456.000
11/06/2000 09:00,    1455.000
12/06/2000 09:00,    1232.000
14/06/2000 09:00,    1233.000
15/06/2000 09:00,     998.000
16/06/2000 09:00,    1001.000
17/06/2000 09:00,    1242.000
18/06/2000 09:00,    1243.000
19/06/2000 09:00,    1244.000
20/06/2000 09:00,    1012.000
21/06/2000 09:00,    1016.000
22/06/2000 09:00,    1257.000
23/06/2000 09:00,    1253.000
24/06/2000 09:00,     768.000
25/06/2000 09:00,     771.000
26/06/2000 09:00,     779.000
27/06/2000 09:00,     783.000
28/06/2000 09:00,    1036.000
29/06/2000 09:00,     781.000
30/06/2000 09:00,     798.000
01/07/2000 09:00,     787.000
02/07/2000 09:00,    1046.000
03/07/2000 09:00,    1305.000
04/07/2000 09:00,    1558.000
05/07/2000 09:00,    1809.000
06/07/2000 09:00,    1555.000
07/07/2000 09:00,    1058.000
08/07/2000 09:00,    1313.000
09/07/2000 09:00,    1310.000
10/07/2000 09:00,     803.000
12/07/2000 09:00,     803.000
13/07/2000 09:00,     796.000
14/07/2000 09:00,     799.000
15/07/2000 09:00,     800.000
16/07/2000 09:00,     673.000
17/07/2000 09:00,     676.000
18/07/2000 09:00,     677.000
19/07/2000 09:00,     678.000
20/07/2000 09:00,     680.000
21/07/2000 09:00,     683.000
22/07/2000 09:00,     687.000
23/07/2000 09:00,     692.000
24/07/2000 09:00,     693.000
25/07/2000 09:00,     695.000
26/07/2000 09:00,     691.000
27/07/2000 09:00,     690.000
28/07/2000 09:00,     694.000
29/07/2000 09:00,     698.000
30/07/2000 09:00,     700.000
31/07/2000 09:00,     701.000
01/08/2000 09:00,     703.000
02/08/2000 09:00,    4622.000
03/08/2000 09:00,    6414.000
04/08/2000 09:00,    7649.000
05/08/2000 09:00,    7575.000
06/08/2000 09:00,    7585.000
07/08/2000 09:00,    7575.000
08/08/2000 09:00,    8204.000
09/08/2000 09:00,    8204.000
10/08/2000 09:00,    8173.000
11/08/2000 09:00,    8586.000
12/08/2000 09:00,    8520.000
13/08/2000 09:00,    8475.000
14/08/2000 09:00,    8498.000
15/08/2000 09:00,    8542.000
16/08/2000 09:00,    8531.000
17/08/2000 09:00,    8531.000
18/08/2000 09:00,    8509.000
19/08/2000 09:00,    8498.000
20/08/2000 09:00,    8520.000
21/08/2000 09:00,    8509.000
22/08/2000 09:00,    8509.000
23/08/2000 09:00,    8475.000
24/08/2000 09:00,    8453.000
25/08/2000 09:00,    8341.000
26/08/2000 09:00,    8273.000
27/08/2000 09:00,    8157.000
28/08/2000 09:00,    8588.000
29/08/2000 09:00,    8551.000
30/08/2000 09:00,    8551.000
31/08/2000 09:00,    8502.000
01/09/2000 09:00,    8465.000
02/09/2000 09:00,    8703.000
03/09/2000 09:00,    8609.000
04/09/2000 09:00,    8555.000
05/09/2000 09:00,    8447.000
06/09/2000 09:00,    8758.000
07/09/2000 09:00,    8700.000
08/09/2000 09:00,    8626.000
09/09/2000 09:00,    8567.000
10/09/2000 09:00,    8463.000
11/09/2000 09:00,    8433.000
12/09/2000 09:00,    8327.000
13/09/2000 09:00,    8281.000
14/09/2000 09:00,    8204.000
15/09/2000 09:00,    8173.000
16/09/2000 09:00,    8157.000
17/09/2000 09:00,    8142.000
18/09/2000 09:00,    8142.000
19/09/2000 09:00,    8079.000
20/09/2000 09:00,    8063.000
21/09/2000 09:00,    7072.000
22/09/2000 09:00,    5351.000
23/09/2000 09:00,    3115.000
24/09/2000 09:00,    1297.000
25/09/2000 09:00,     663.000
26/09/2000 09:00,     661.000
27/09/2000 09:00,     666.000
28/09/2000 09:00,     892.000
29/09/2000 09:00,     894.000
30/09/2000 09:00,     850.000
01/10/2000 09:00,     902.000
02/10/2000 09:00,     907.000
03/10/2000 09:00,     908.000
04/10/2000 09:00,     910.000
05/10/2000 09:00,    1136.000
06/10/2000 09:00,    2001.000
07/10/2000 09:00,    3890.000
08/10/2000 09:00,    3844.000
09/10/2000 09:00,    3797.000
10/10/2000 09:00,    6059.000
11/10/2000 09:00,    7524.000
12/10/2000 09:00,    7876.000
13/10/2000 09:00,    9743.000
14/10/2000 09:00,    9535.000
15/10/2000 09:00,    9344.000
16/10/2000 09:00,    9215.000
17/10/2000 09:00,    8133.000
18/10/2000 09:00,    7141.000
19/10/2000 09:00,    5969.000
20/10/2000 09:00,    5053.000
21/10/2000 09:00,    5023.000
22/10/2000 09:00,    5102.000
23/10/2000 09:00,    5132.000
24/10/2000 09:00,    5143.000
25/10/2000 09:00,    5151.000
26/10/2000 09:00,    5132.000
27/10/2000 09:00,    5200.000
28/10/2000 09:00,    5295.000
29/10/2000 09:00,    5295.000
30/10/2000 09:00,    5314.000
31/10/2000 09:00,    4263.000
01/11/2000 09:00,    4284.000
02/11/2000 09:00,    3927.000
03/11/2000 09:00,    3965.000
04/11/2000 09:00,    3971.000
05/11/2000 09:00,    3983.000
06/11/2000 09:00,    4002.000
07/11/2000 09:00,    4008.000
08/11/2000 09:00,    4021.000
09/11/2000 09:00,    2981.000
10/11/2000 09:00,    1526.000
11/11/2000 09:00,     672.000
12/11/2000 09:00,     677.000
13/11/2000 09:00,     682.000
14/11/2000 09:00,     683.000
15/11/2000 09:00,     679.000
16/11/2000 09:00,     682.000
17/11/2000 09:00,     684.000
18/11/2000 09:00,     683.000
19/11/2000 09:00,     682.000
20/11/2000 09:00,     686.000
21/11/2000 09:00,     690.000
22/11/2000 09:00,    2915.000
23/11/2000 09:00,    2911.000
24/11/2000 09:00,    2903.000
25/11/2000 09:00,    2911.000
26/11/2000 09:00,    2899.000
27/11/2000 09:00,       0.000
28/11/2000 09:00,    3964.000
29/11/2000 09:00,    5625.000
30/11/2000 09:00,    6625.000
01/12/2000 09:00,    6507.000
02/12/2000 09:00,    6442.000
03/12/2000 09:00,    6409.000
04/12/2000 09:00,    6365.000
05/12/2000 09:00,    6253.000
06/12/2000 09:00,    6174.000
07/12/2000 09:00,    6094.000
08/12/2000 09:00,    5977.000
09/12/2000 09:00,    5894.000
10/12/2000 09:00,    5822.000
11/12/2000 09:00,    7367.000
12/12/2000 09:00,    8015.000
13/12/2000 09:00,    8769.000
14/12/2000 09:00,    8467.000
15/12/2000 09:00,    8300.000
16/12/2000 09:00,    9163.000
17/12/2000 09:00,    9841.000
18/12/2000 09:00,    9658.000
19/12/2000 09:00,    8094.000
20/12/2000 09:00,    5930.000
21/12/2000 09:00,    4277.000
22/12/2000 09:00,    3676.000
23/12/2000 09:00,    2461.000
24/12/2000 09:00,    1613.000
26/12/2000 09:00,     869.000
27/12/2000 09:00,     894.000
28/12/2000 09:00,     927.000
29/12/2000 09:00,     738.000
30/12/2000 09:00,     755.000
31/12/2000 09:00,     755.000
01/01/2001 09:00,     763.000
02/01/2001 09:00,     770.000
03/01/2001 09:00,     777.000
04/01/2001 09:00,     789.000
05/01/2001 09:00,     796.000
06/01/2001 09:00,     799.000
07/01/2001 09:00,     803.000
08/01/2001 09:00,     805.000
09/01/2001 09:00,     816.000
10/01/2001 09:00,     822.000
11/01/2001 09:00,     825.000
12/01/2001 09:00,     834.000
13/01/2001 09:00,     838.000
14/01/2001 09:00,     841.000
15/01/2001 09:00,     844.000
16/01/2001 09:00,     853.000
17/01/2001 09:00,    1695.000
18/01/2001 09:00,    1699.000
19/01/2001 09:00,    1698.000
20/01/2001 09:00,    1702.000
21/01/2001 09:00,    1704.000
22/01/2001 09:00,    1718.000
23/01/2001 09:00,    2547.000
24/01/2001 09:00,    3876.000
25/01/2001 09:00,    3900.000
26/01/2001 09:00,    3369.000
27/01/2001 09:00,    3367.000
28/01/2001 09:00,    3367.000
29/01/2001 09:00,    3358.000
30/01/2001 09:00,    2302.000
31/01/2001 09:00,    2297.000
01/02/2001 09:00,    2281.000
02/02/2001 09:00,    2281.000
03/02/2001 09:00,    2289.000
04/02/2001 09:00,    2291.000
05/02/2001 09:00,    2844.000
06/02/2001 09:00,    2849.000
07/02/2001 09:00,    2842.000
08/02/2001 09:00,    4085.000
09/02/2001 09:00,    5019.000
10/02/2001 09:00,    5029.000
11/02/2001 09:00,    3521.000
12/02/2001 09:00,    1667.000
13/02/2001 09:00,     847.000
14/02/2001 09:00,     830.000
15/02/2001 09:00,    2678.000
16/02/2001 09:00,    2667.000
17/02/2001 09:00,    3654.000
18/02/2001 09:00,    3632.000
19/02/2001 09:00,    3773.000
20/02/2001 09:00,    3758.000
21/02/2001 09:00,    3621.000
22/02/2001 09:00,    3602.000
23/02/2001 09:00,    3595.000
24/02/2001 09:00,    3613.000
25/02/2001 09:00,    3632.000
26/02/2001 09:00,    3628.000
27/02/2001 09:00,    3617.000
28/02/2001 09:00,    3610.000
01/03/2001 09:00,    3606.000
02/03/2001 09:00,    3632.000
03/03/2001 09:00,    3658.000
05/03/2001 09:00,    3658.000
06/03/2001 09:00,    3691.000
07/03/2001 09:00,    3680.000
08/03/2001 09:00,    3669.000
09/03/2001 09:00,    3673.000
10/03/2001 09:00,    3665.000
11/03/2001 09:00,    3654.000
12/03/2001 09:00,    3639.000
13/03/2001 09:00,    3643.000
14/03/2001 09:00,    3654.000
15/03/2001 09:00,    3647.000
16/03/2001 09:00,    3625.000
17/03/2001 09:00,    3632.000
18/03/2001 09:00,    4074.000
19/03/2001 09:00,    4500.000
20/03/2001 09:00,    4390.000
21/03/2001 09:00,    4723.000
22/03/2001 09:00,    4735.000
23/03/2001 09:00,    5124.000
24/03/2001 09:00,    5512.000
25/03/2001 09:00,    5454.000
26/03/2001 09:00,    5814.000
27/03/2001 09:00,    5945.000
28/03/2001 09:00,    5869.000
29/03/2001 09:00,    5979.000
30/03/2001 09:00,    5979.000
31/03/2001 09:00,    5879.000
01/04/2001 09:00,    5815.000
02/04/2001 09:00,    5806.000
03/04/2001 09:00,    5740.000
04/04/2001 09:00,    5617.000
05/04/2001 09:00,    6816.000
06/04/2001 09:00,    6829.000
07/04/2001 09:00,    6928.000
08/04/2001 09:00,    6813.000
09/04/2001 09:00,    6962.000
10/04/2001 09:00,    6962.000
11/04/2001 09:00,    6977.000
12/04/2001 09:00,    8015.000
13/04/2001 09:00,    7868.000
14/04/2001 09:00,    7775.000
15/04/2001 09:00,    7896.000
16/04/2001 09:00,    7734.000
17/04/2001 09:00,    7610.000
18/04/2001 09:00,    7231.000
19/04/2001 09:00,    6910.000
20/04/2001 09:00,    6224.000
21/04/2001 09:00,    4596.000
22/04/2001 09:00,    4623.000
23/04/2001 09:00,    3699.000
24/04/2001 09:00,    3496.000
25/04/2001 09:00,    2678.000
26/04/2001 09:00,    2652.000
27/04/2001 09:00,    2476.000
28/04/2001 09:00,    2480.000
29/04/2001 09:00,    2472.000
30/04/2001 09:00,    2809.000
01/05/2001 09:00,    2832.000
02/05/2001 09:00,    2828.000
03/05/2001 09:00,    2813.000
04/05/2001 09:00,    2736.000
05/05/2001 09:00,    2824.000
06/05/2001 09:00,    2818.000
07/05/2001 09:00,    2813.000
08/05/2001 09:00,    2769.000
09/05/2001 09:00,    2740.000
10/05/2001 09:00,    2723.000
11/05/2001 09:00,    2723.000
12/05/2001 09:00,    2718.000
13/05/2001 09:00,    2712.000
14/05/2001 09:00,    2712.000
15/05/2001 09:00,    2735.000
16/05/2001 09:00,    1827.000
17/05/2001 09:00,    2630.000
18/05/2001 09:00,    2711.000
23/05/2001 09:00,    2711.000
24/05/2001 09:00,    4034.000
25/05/2001 09:00,    4124.000
26/05/2001 09:00,    3315.000
27/05/2001 09:00,    2362.000
28/05/2001 09:00,     669.000
29/05/2001 09:00,     456.000
30/05/2001 09:00,     450.000
31/05/2001 09:00,     881.000
01/06/2001 09:00,    1477.000
02/06/2001 09:00,     456.000
03/06/2001 09:00,     231.000
04/06/2001 09:00,     232.000
05/06/2001 09:00,     234.000
06/06/2001 09:00,     898.000
07/06/2001 09:00,     693.000
08/06/2001 09:00,     693.000
09/06/2001 09:00,    1314.000
10/06/2001 09:00,     883.000
11/06/2001 09:00,     916.000
12/06/2001 09:00,    1339.000
13/06/2001 09:00,    1544.000
14/06/2001 09:00,     703.000
15/06/2001 09:00,     706.000
16/06/2001 09:00,     932.000
17/06/2001 09:00,     935.000
18/06/2001 09:00,     935.000
19/06/2001 09:00,     939.000
20/06/2001 09:00,     942.000
21/06/2001 09:00,     945.000
22/06/2001 09:00,    1165.000
23/06/2001 09:00,    1171.000
24/06/2001 09:00,    1173.000
25/06/2001 09:00,    2208.000
26/06/2001 09:00,    3344.000
27/06/2001 09:00,    4538.000
28/06/2001 09:00,    4140.000
29/06/2001 09:00,    4155.000
30/06/2001 09:00,    4291.000
01/07/2001 09:00,    3971.000
02/07/2001 09:00,    4005.000
03/07/2001 09:00,    3779.000
04/07/2001 09:00,    2721.000
05/07/2001 09:00,    1109.000
06/07/2001 09:00,    1110.000
07/07/2001 09:00,    1325.000
08/07/2001 09:00,    1526.000
09/07/2001 09:00,    1541.000
10/07/2001 09:00,    3645.000
11/07/2001 09:00,     878.000
12/07/2001 09:00,     892.000
13/07/2001 09:00,     893.000
14/07/2001 09:00,     897.000
15/07/2001 09:00,    1112.000
16/07/2001 09:00,    1113.000
17/07/2001 09:00,    1118.000
18/07/2001 09:00,    1984.000
19/07/2001 09:00,    2335.000
20/07/2001 09:00,    2816.000
21/07/2001 09:00,    2335.000
22/07/2001 09:00,    2335.000
23/07/2001 09:00,    2142.000
24/07/2001 09:00,    1954.000
25/07/2001 09:00,    1954.000
26/07/2001 09:00,    1962.000
27/07/2001 09:00,    1954.000
28/07/2001 09:00,    2174.000
29/07/2001 09:00,    2353.000
30/07/2001 09:00,    2115.000
31/07/2001 09:00,    1942.000
01/08/2001 09:00,    2543.000
02/08/2001 09:00,    2747.000
03/08/2001 09:00,    2738.000
04/08/2001 09:00,    2738.000
05/08/2001 09:00,    2734.000
06/08/2001 09:00,    2730.000
07/08/2001 09:00,    2734.000
08/08/2001 09:00,    2734.000
09/08/2001 09:00,    2742.000
10/08/2001 09:00,    2742.000
11/08/2001 09:00,    2738.000
12/08/2001 09:00,    2751.000
13/08/2001 09:00,    2935.000
14/08/2001 09:00,    3105.000
15/08/2001 09:00,    3090.000
16/08/2001 09:00,    3812.000
17/08/2001 09:00,    4096.000
18/08/2001 09:00,    4014.000
19/08/2001 09:00,    3873.000
20/08/2001 09:00,    3549.000
21/08/2001 09:00,    3726.000
22/08/2001 09:00,    3844.000
23/08/2001 09:00,    4245.000
24/08/2001 09:00,    4394.000
25/08/2001 09:00,    4851.000
26/08/2001 09:00,    4577.000
27/08/2001 09:00,    4159.000
28/08/2001 09:00,    4132.000
29/08/2001 09:00,    4159.000
30/08/2001 09:00,    4200.000
31/08/2001 09:00,    3639.000
01/09/2001 09:00,    3631.000
02/09/2001 09:00,    3616.000
03/09/2001 09:00,    3616.000
04/09/2001 09:00,    3741.000
05/09/2001 09:00,    3741.000
06/09/2001 09:00,    5557.000
07/09/2001 09:00,    1784.000
08/09/2001 09:00,    1818.000
09/09/2001 09:00,    2345.000
10/09/2001 09:00,    4907.000
11/09/2001 09:00,    1218.000
12/09/2001 09:00,    1230.000
13/09/2001 09:00,    1236.000
14/09/2001 09:00,    1254.000
15/09/2001 09:00,    1845.000
16/09/2001 09:00,    2043.000
17/09/2001 09:00,    2047.000
18/09/2001 09:00,    2060.000
19/09/2001 09:00,    2057.000
20/09/2001 09:00,    4229.000
21/09/2001 09:00,     844.000
22/09/2001 09:00,     663.000
23/09/2001 09:00,     682.000
24/09/2001 09:00,     904.000
25/09/2001 09:00,     914.000
26/09/2001 09:00,     915.000
27/09/2001 09:00,     699.000
28/09/2001 09:00,     704.000
29/09/2001 09:00,     710.000
30/09/2001 09:00,    2460.000
01/10/2001 09:00,    2463.000
02/10/2001 09:00,    2267.000
03/10/2001 09:00,    2279.000
04/10/2001 09:00,    1641.000
05/10/2001 09:00,    1878.000
06/10/2001 09:00,    2338.000
07/10/2001 09:00,    2781.000
08/10/2001 09:00,    2792.000
09/10/2001 09:00,    5482.000
10/10/2001 09:00,    4919.000
11/10/2001 09:00,    5307.000
12/10/2001 09:00,    5647.000
13/10/2001 09:00,    5307.000
14/10/2001 09:00,    5307.000
15/10/2001 09:00,    5315.000
16/10/2001 09:00,    5314.000
17/10/2001 09:00,    5322.000
18/10/2001 09:00,    5129.000
19/10/2001 09:00,    2667.000
20/10/2001 09:00,    2673.000
21/10/2001 09:00,    3778.000
22/10/2001 09:00,    4750.000
23/10/2001 09:00,    4867.000
25/10/2001 09:00,    4867.000
26/10/2001 09:00,    4682.000
27/10/2001 09:00,    2923.000
28/10/2001 09:00,    2578.000
29/10/2001 09:00,    2953.000
30/10/2001 09:00,    3410.000
31/10/2001 09:00,    3637.000
01/11/2001 09:00,    2052.000
02/11/2001 09:00,    1181.000
03/11/2001 09:00,    1327.000
04/11/2001 09:00,    1334.000
05/11/2001 09:00,    1068.000
06/11/2001 09:00,     544.000
07/11/2001 09:00,     814.000
08/11/2001 09:00,     816.000
09/11/2001 09:00,    2594.000
10/11/2001 09:00,    3779.000
11/11/2001 09:00,    5765.000
12/11/2001 09:00,    7519.000
13/11/2001 09:00,    7519.000
14/11/2001 09:00,    4939.000
15/11/2001 09:00,    2647.000
16/11/2001 09:00,    1113.000
17/11/2001 09:00,    1664.000
18/11/2001 09:00,    1118.000
19/11/2001 09:00,    1655.000
20/11/2001 09:00,    1658.000
21/11/2001 09:00,    1655.000
22/11/2001 09:00,     844.000
23/11/2001 09:00,     844.000
24/11/2001 09:00,    1121.000
25/11/2001 09:00,    1123.000
26/11/2001 09:00,    1123.000
27/11/2001 09:00,    1395.000
28/11/2001 09:00,    1666.000
29/11/2001 09:00,    1130.000
30/11/2001 09:00,     858.000
01/12/2001 09:00,    1402.000
02/12/2001 09:00,    1940.000
03/12/2001 09:00,    2201.000
04/12/2001 09:00,    2197.000
05/12/2001 09:00,    2201.000
06/12/2001 09:00,    2199.000
07/12/2001 09:00,    3454.000
08/12/2001 09:00,    1645.000
09/12/2001 09:00,    3713.000
10/12/2001 09:00,    8235.000
11/12/2001 09:00,     843.000
12/12/2001 09:00,    1398.000
13/12/2001 09:00,    1399.000
14/12/2001 09:00,    1676.000
15/12/2001 09:00,    1674.000
16/12/2001 09:00,    1674.000
17/12/2001 09:00,    1945.000
18/12/2001 09:00,    3491.000
19/12/2001 09:00,    2744.000
20/12/2001 09:00,    3794.000
21/12/2001 09:00,    3458.000
22/12/2001 09:00,    3471.000
23/12/2001 09:00,    3471.000
24/12/2001 09:00,    3481.000
25/12/2001 09:00,    4660.000
26/12/2001 09:00,    4665.000
27/12/2001 09:00,    4665.000
28/12/2001 09:00,    4189.000
29/12/2001 09:00,    3219.000
30/12/2001 09:00,    3724.000
31/12/2001 09:00,    4172.000
01/01/2002 09:00,    4889.000
02/01/2002 09:00,    4868.000
03/01/2002 09:00,    4868.000
04/01/2002 09:00,    4863.000
05/01/2002 09:00,    4838.000
06/01/2002 09:00,    4838.000
07/01/2002 09:00,    4828.000
08/01/2002 09:00,    5060.000
09/01/2002 09:00,    5680.000
10/01/2002 09:00,    5256.000
11/01/2002 09:00,    5044.000
12/01/2002 09:00,    4817.000
13/01/2002 09:00,    5011.000
14/01/2002 09:00,    5192.000
15/01/2002 09:00,    5365.000
16/01/2002 09:00,    5316.000
17/01/2002 09:00,    5110.000
19/01/2002 09:00,    5110.000
20/01/2002 09:00,    5151.000
21/01/2002 09:00,    5127.000
22/01/2002 09:00,    5340.000
23/01/2002 09:00,    5334.000
24/01/2002 09:00,    5334.000
25/01/2002 09:00,    5050.000
26/01/2002 09:00,    5074.000
27/01/2002 09:00,    4855.000
28/01/2002 09:00,    4844.000
29/01/2002 09:00,    5414.000
30/01/2002 09:00,    5411.000
31/01/2002 09:00,    5157.000
01/02/2002 09:00,    5163.000
02/02/2002 09:00,    5170.000
03/02/2002 09:00,    5144.000
04/02/2002 09:00,    5105.000
05/02/2002 09:00,    5712.000
06/02/2002 09:00,    5853.000
07/02/2002 09:00,    5782.000
08/02/2002 09:00,    5447.000
09/02/2002 09:00,    5227.000
10/02/2002 09:00,    5227.000
11/02/2002 09:00,    5213.000
12/02/2002 09:00,    5567.000
13/02/2002 09:00,    5575.000
14/02/2002 09:00,    5474.000
15/02/2002 09:00,    5466.000
16/02/2002 09:00,    5652.000
17/02/2002 09:00,    5569.000
18/02/2002 09:00,    5619.000
19/02/2002 09:00,    5426.000
20/02/2002 09:00,    5156.000
21/02/2002 09:00,    5277.000
22/02/2002 09:00,    5225.000
23/02/2002 09:00,    5419.000
24/02/2002 09:00,    5403.000
25/02/2002 09:00,    5586.000
26/02/2002 09:00,    5766.000
27/02/2002 09:00,    5740.000
28/02/2002 09:00,    5510.000
01/03/2002 09:00,    4624.000
02/03/2002 09:00,    4985.000
03/03/2002 09:00,    4435.000
04/03/2002 09:00,    4460.000
05/03/2002 09:00,    4796.000
06/03/2002 09:00,    4768.000
07/03/2002 09:00,    4518.000
08/03/2002 09:00,    4045.000
09/03/2002 09:00,    3775.000
10/03/2002 09:00,    3543.000
11/03/2002 09:00,    3458.000
12/03/2002 09:00,    4033.000
13/03/2002 09:00,    4540.000
14/03/2002 09:00,    4653.000
15/03/2002 09:00,    4614.000
16/03/2002 09:00,    5467.000
17/03/2002 09:00,    4527.000
18/03/2002 09:00,    4656.000
19/03/2002 09:00,    4588.000
20/03/2002 09:00,    4544.000
21/03/2002 09:00,    4500.000
22/03/2002 09:00,    4902.000
23/03/2002 09:00,    4799.000
24/03/2002 09:00,    4809.000
25/03/2002 09:00,    4539.000
26/03/2002 09:00,    4463.000
27/03/2002 09:00,    4356.000
28/03/2002 09:00,    4356.000
29/03/2002 09:00,    4509.000
30/03/2002 09:00,    4453.000
31/03/2002 09:00,    4331.000
01/04/2002 09:00,    4288.000
02/04/2002 09:00,    3906.000
03/04/2002 09:00,    3106.000
04/04/2002 09:00,    2336.000
05/04/2002 09:00,    2953.000
06/04/2002 09:00,    2494.000
07/04/2002 09:00,    2228.000
08/04/2002 09:00,    2315.000
09/04/2002 09:00,    2796.000
10/04/2002 09:00,    3054.000
11/04/2002 09:00,    2457.000
12/04/2002 09:00,    1230.000
13/04/2002 09:00,     423.000
14/04/2002 09:00,     428.000
15/04/2002 09:00,     425.000
16/04/2002 09:00,     428.000
17/04/2002 09:00,    1402.000
18/04/2002 09:00,     632.000
19/04/2002 09:00,     427.000
20/04/2002 09:00,     424.000
21/04/2002 09:00,     426.000
22/04/2002 09:00,     432.000
23/04/2002 09:00,     627.000
24/04/2002 09:00,    1052.000
25/04/2002 09:00,    1246.000
26/04/2002 09:00,    1616.000
27/04/2002 09:00,    1812.000
28/04/2002 09:00,    1809.000
29/04/2002 09:00,    1989.000
30/04/2002 09:00,    2989.000
01/05/2002 09:00,    2006.000
02/05/2002 09:00,    2030.000
03/05/2002 09:00,    1454.000
04/05/2002 09:00,    1262.000
05/05/2002 09:00,    1071.000
06/05/2002 09:00,    1071.000
07/05/2002 09:00,    1283.000
08/05/2002 09:00,    1643.000
09/05/2002 09:00,    2010.000
10/05/2002 09:00,    2499.000
11/05/2002 09:00,    2494.000
13/05/2002 09:00,    2157.000
14/05/2002 09:00,    2353.000
15/05/2002 09:00,    2353.000
16/05/2002 09:00,    2150.000
17/05/2002 09:00,    2134.000
18/05/2002 09:00,    2165.000
19/05/2002 09:00,    2126.000
20/05/2002 09:00,    2153.000
21/05/2002 09:00,    2150.000
22/05/2002 09:00,     643.000
23/05/2002 09:00,    1033.000
24/05/2002 09:00,    1032.000
25/05/2002 09:00,    1028.000
26/05/2002 09:00,    1028.000
27/05/2002 09:00,    1025.000
28/05/2002 09:00,     632.000
29/05/2002 09:00,     650.000
30/05/2002 09:00,     647.000
31/05/2002 09:00,    1066.000
01/06/2002 09:00,    1451.000
02/06/2002 09:00,    1461.000
03/06/2002 09:00,    1281.000
04/06/2002 09:00,    1304.000
05/06/2002 09:00,     679.000
06/06/2002 09:00,     683.000
07/06/2002 09:00,    1112.000
08/06/2002 09:00,    1327.000
09/06/2002 09:00,    1334.000
10/06/2002 09:00,    1340.000
11/06/2002 09:00,    1347.000
12/06/2002 09:00,    1367.000
13/06/2002 09:00,    1156.000
14/06/2002 09:00,     943.000
15/06/2002 09:00,     947.000
16/06/2002 09:00,     947.000
17/06/2002 09:00,    1187.000
18/06/2002 09:00,    1406.000
19/06/2002 09:00,    1410.000
20/06/2002 09:00,    1412.000
21/06/2002 09:00,    1204.000
22/06/2002 09:00,    1201.000
23/06/2002 09:00,    1188.000
24/06/2002 09:00,    1198.000
25/06/2002 09:00,    1087.000
26/06/2002 09:00,    1086.000
27/06/2002 09:00,    1313.000
28/06/2002 09:00,    1305.000
29/06/2002 09:00,    1198.000
30/06/2002 09:00,    1195.000
01/07/2002 09:00,    1433.000
02/07/2002 09:00,    1433.000
03/07/2002 09:00,    1431.000
04/07/2002 09:00,    1427.000
05/07/2002 09:00,    1434.000
06/07/2002 09:00,    1871.000
07/07/2002 09:00,    1653.000
08/07/2002 09:00,    1434.000
09/07/2002 09:00,     739.000
10/07/2002 09:00,     742.000
11/07/2002 09:00,     747.000
12/07/2002 09:00,     748.000
13/07/2002 09:00,     997.000
14/07/2002 09:00,    1130.000
15/07/2002 09:00,    1488.000
16/07/2002 09:00,    1475.000
17/07/2002 09:00,    1373.000
18/07/2002 09:00,    1246.000
19/07/2002 09:00,    1251.000
20/07/2002 09:00,    1483.000
21/07/2002 09:00,    1485.000
22/07/2002 09:00,    1488.000
23/07/2002 09:00,    1487.000
24/07/2002 09:00,    1483.000
25/07/2002 09:00,    1235.000
26/07/2002 09:00,     762.000
27/07/2002 09:00,     764.000
28/07/2002 09:00,    1014.000
29/07/2002 09:00,    1012.000
30/07/2002 09:00,    1253.000
31/07/2002 09:00,    1254.000
01/08/2002 09:00,    1495.000
02/08/2002 09:00,    1715.000
03/08/2002 09:00,    2379.000
04/08/2002 09:00,    2385.000
05/08/2002 09:00,    2385.000
06/08/2002 09:00,    2341.000
07/08/2002 09:00,    1701.000
08/08/2002 09:00,    1697.000
09/08/2002 09:00,    1701.000
10/08/2002 09:00,    2356.000
11/08/2002 09:00,    2347.000
12/08/2002 09:00,    2341.000
13/08/2002 09:00,    2335.000
14/08/2002 09:00,    1217.000
15/08/2002 09:00,     984.000
16/08/2002 09:00,     987.000
17/08/2002 09:00,    2117.000
18/08/2002 09:00,    2245.000
19/08/2002 09:00,    2267.000
20/08/2002 09:00,    2110.000
21/08/2002 09:00,    2107.000
22/08/2002 09:00,    2112.000
23/08/2002 09:00,    2312.000
24/08/2002 09:00,    2923.000
25/08/2002 09:00,    2713.000
26/08/2002 09:00,    2713.000
27/08/2002 09:00,    2705.000
28/08/2002 09:00,    2698.000
29/08/2002 09:00,    2883.000
30/08/2002 09:00,    2683.000
31/08/2002 09:00,    2676.000
01/09/2002 09:00,    3056.000
02/09/2002 09:00,    3061.000
03/09/2002 09:00,    3242.000
04/09/2002 09:00,    3386.000
05/09/2002 09:00,    3381.000
06/09/2002 09:00,    3365.000
07/09/2002 09:00,    2985.000
08/09/2002 09:00,    2981.000
09/09/2002 09:00,    2963.000
10/09/2002 09:00,    2953.000
11/09/2002 09:00,    3125.000
12/09/2002 09:00,    3125.000
13/09/2002 09:00,    3115.000
14/09/2002 09:00,    3105.000
15/09/2002 09:00,    3125.000
16/09/2002 09:00,    3155.000
17/09/2002 09:00,    1764.000
18/09/2002 09:00,    1565.000
19/09/2002 09:00,    1565.000
20/09/2002 09:00,     705.000
21/09/2002 09:00,    1157.000
22/09/2002 09:00,    1378.000
23/09/2002 09:00,    1385.000
24/09/2002 09:00,    1390.000
25/09/2002 09:00,     954.000
26/09/2002 09:00,    1185.000
27/09/2002 09:00,    3052.000
28/09/2002 09:00,     713.000
29/09/2002 09:00,     716.000
30/09/2002 09:00,     487.000
01/10/2002 09:00,    1405.000
02/10/2002 09:00,    1412.000
03/10/2002 09:00,    1413.000
04/10/2002 09:00,    1188.000
05/10/2002 09:00,     963.000
06/10/2002 09:00,     968.000
07/10/2002 09:00,     738.000
08/10/2002 09:00,     746.000
09/10/2002 09:00,     748.000
10/10/2002 09:00,    1201.000
11/10/2002 09:00,     981.000
12/10/2002 09:00,     981.000
13/10/2002 09:00,     988.000
14/10/2002 09:00,     990.000
15/10/2002 09:00,    1465.000
16/10/2002 09:00,    1462.000
17/10/2002 09:00,     988.000
18/10/2002 09:00,     751.000
19/10/2002 09:00,     756.000
20/10/2002 09:00,     762.000
21/10/2002 09:00,    1713.000
22/10/2002 09:00,    1944.000
23/10/2002 09:00,    1935.000
24/10/2002 09:00,    1937.000
25/10/2002 09:00,     754.000
26/10/2002 09:00,     756.000
27/10/2002 09:00,     759.000
28/10/2002 09:00,     764.000
29/10/2002 09:00,     767.000
30/10/2002 09:00,     767.000
31/10/2002 09:00,     770.000
01/11/2002 09:00,     764.000
02/11/2002 09:00,     767.000
03/11/2002 09:00,     765.000
04/11/2002 09:00,     771.000
05/11/2002 09:00,     773.000
06/11/2002 09:00,     774.000
07/11/2002 09:00,     775.000
08/11/2002 09:00,     775.000
09/11/2002 09:00,     773.000
10/11/2002 09:00,     780.000
11/11/2002 09:00,    1036.000
12/11/2002 09:00,    1281.000
13/11/2002 09:00,     786.000
14/11/2002 09:00,     788.000
15/11/2002 09:00,     788.000
16/11/2002 09:00,     788.000
17/11/2002 09:00,     790.000
18/11/2002 09:00,     791.000
19/11/2002 09:00,     791.000
20/11/2002 09:00,     794.000
21/11/2002 09:00,     796.000
22/11/2002 09:00,     797.000
23/11/2002 09:00,     800.000
24/11/2002 09:00,     802.000
25/11/2002 09:00,    1071.000
26/11/2002 09:00,    1582.000
27/11/2002 09:00,    1593.000
28/11/2002 09:00,    1825.000
29/11/2002 09:00,    1326.000
30/11/2002 09:00,     821.000
01/12/2002 09:00,    1347.000
02/12/2002 09:00,    1853.000
03/12/2002 09:00,    1335.000
04/12/2002 09:00,    1845.000
05/12/2002 09:00,    1849.000
06/12/2002 09:00,    1823.000
07/12/2002 09:00,     809.000
08/12/2002 09:00,    1067.000
09/12/2002 09:00,     806.000
10/12/2002 09:00,    1329.000
11/12/2002 09:00,    1071.000
13/12/2002 09:00,     814.000
14/12/2002 09:00,    1079.000
15/12/2002 09:00,    1079.000
16/12/2002 09:00,    1085.000
17/12/2002 09:00,    1613.000
18/12/2002 09:00,    1613.000
19/12/2002 09:00,    1357.000
20/12/2002 09:00,    1619.000
21/12/2002 09:00,    2396.000
22/12/2002 09:00,    2391.000
23/12/2002 09:00,    2134.000
24/12/2002 09:00,    2888.000
26/12/2002 09:00,    3380.000
27/12/2002 09:00,    2886.000
28/12/2002 09:00,    2140.000
29/12/2002 09:00,    1371.000
30/12/2002 09:00,    1898.000
31/12/2002 09:00,    2900.000
01/01/2003 09:00,    2138.000
02/01/2003 09:00,    1628.000
03/01/2003 09:00,    1373.000
04/01/2003 09:00,    1894.000
05/01/2003 09:00,    1898.000
06/01/2003 09:00,    1905.000
07/01/2003 09:00,    1908.000
08/01/2003 09:00,    1642.000
09/01/2003 09:00,    2167.000
10/01/2003 09:00,    3182.000
11/01/2003 09:00,    3669.000
12/01/2003 09:00,    3669.000
13/01/2003 09:00,    3899.000
14/01/2003 09:00,    3884.000
15/01/2003 09:00,    3880.000
16/01/2003 09:00,    3876.000
17/01/2003 09:00,    3145.000
18/01/2003 09:00,    2891.000
19/01/2003 09:00,    2655.000
20/01/2003 09:00,    3376.000
21/01/2003 09:00,    3352.000
22/01/2003 09:00,    3123.000
23/01/2003 09:00,    3116.000
24/01/2003 09:00,    3580.000
25/01/2003 09:00,    4928.000
26/01/2003 09:00,    4906.000
27/01/2003 09:00,    4660.000
28/01/2003 09:00,    4425.000
29/01/2003 09:00,    4425.000
30/01/2003 09:00,    4405.000
31/01/2003 09:00,    4596.000
01/02/2003 09:00,    4354.000
02/02/2003 09:00,    4122.000
03/02/2003 09:00,    4107.000
04/02/2003 09:00,    4107.000
05/02/2003 09:00,    4064.000
06/02/2003 09:00,    4054.000
07/02/2003 09:00,    3834.000
08/02/2003 09:00,    4230.000
09/02/2003 09:00,    4193.000
10/02/2003 09:00,    4187.000
11/02/2003 09:00,    4358.000
12/02/2003 09:00,    4721.000
13/02/2003 09:00,    4689.000
14/02/2003 09:00,    4490.000
15/02/2003 09:00,    4472.000
16/02/2003 09:00,    4447.000
17/02/2003 09:00,    4398.000
18/02/2003 09:00,    4775.000
19/02/2003 09:00,    5047.000
21/02/2003 09:00,    4297.000
22/02/2003 09:00,    4503.000
23/02/2003 09:00,    3190.000
24/02/2003 09:00,    3372.000
25/02/2003 09:00,    3368.000
26/02/2003 09:00,    3177.000
27/02/2003 09:00,    3173.000
28/02/2003 09:00,    3890.000
01/03/2003 09:00,    2716.000
02/03/2003 09:00,    3340.000
04/03/2003 09:00,    2927.000
05/03/2003 09:00,    2282.000
06/03/2003 09:00,     957.000
07/03/2003 09:00,     963.000
08/03/2003 09:00,    1195.000
09/03/2003 09:00,    1673.000
10/03/2003 09:00,    2078.000
11/03/2003 09:00,    1875.000
12/03/2003 09:00,    1875.000
13/03/2003 09:00,    1885.000
14/03/2003 09:00,    2520.000
15/03/2003 09:00,    3528.000
16/03/2003 09:00,    3340.000
17/03/2003 09:00,    2935.000
18/03/2003 09:00,    3722.000
19/03/2003 09:00,    4612.000
20/03/2003 09:00,    4888.000
21/03/2003 09:00,    4839.000
22/03/2003 09:00,    4807.000
23/03/2003 09:00,    4653.000
24/03/2003 09:00,    4100.000
25/03/2003 09:00,    4406.000
26/03/2003 09:00,    4519.000
27/03/2003 09:00,    4797.000
28/03/2003 09:00,    4951.000
29/03/2003 09:00,    5180.000
30/03/2003 09:00,    5180.000
31/03/2003 09:00,    4799.000
01/04/2003 09:00,    3561.000
02/04/2003 09:00,    3226.000
03/04/2003 09:00,    3605.000
04/04/2003 09:00,    3340.000
05/04/2003 09:00,    3479.000
06/04/2003 09:00,    3511.000
07/04/2003 09:00,    3127.000
08/04/2003 09:00,    3104.000
09/04/2003 09:00,    3262.000
10/04/2003 09:00,    3434.000
11/04/2003 09:00,    3356.000
12/04/2003 09:00,    3336.000
13/04/2003 09:00,    3182.000
14/04/2003 09:00,    3188.000
15/04/2003 09:00,    3282.000
16/04/2003 09:00,    3255.000
17/04/2003 09:00,    3241.000
18/04/2003 09:00,    3348.000
19/04/2003 09:00,    3524.000
20/04/2003 09:00,    3532.000
21/04/2003 09:00,    3333.000
22/04/2003 09:00,    3303.000
23/04/2003 09:00,    3008.000
24/04/2003 09:00,    2409.000
25/04/2003 09:00,    2404.000
26/04/2003 09:00,    2552.000
27/04/2003 09:00,    2831.000
28/04/2003 09:00,    2781.000
29/04/2003 09:00,    2756.000
30/04/2003 09:00,    2794.000
01/05/2003 09:00,    1707.000
02/05/2003 09:00,    1015.000
03/05/2003 09:00,     820.000
04/05/2003 09:00,    1022.000
05/05/2003 09:00,    1012.000
06/05/2003 09:00,    1187.000
07/05/2003 09:00,    1185.000
08/05/2003 09:00,    1181.000
09/05/2003 09:00,    1005.000
10/05/2003 09:00,     996.000
11/05/2003 09:00,     802.000
12/05/2003 09:00,    1183.000
13/05/2003 09:00,    1183.000
14/05/2003 09:00,    1363.000
15/05/2003 09:00,    1185.000
16/05/2003 09:00,    1187.000
17/05/2003 09:00,    1198.000
18/05/2003 09:00,     820.000
19/05/2003 09:00,     832.000
20/05/2003 09:00,    1236.000
21/05/2003 09:00,    1594.000
22/05/2003 09:00,    2281.000
23/05/2003 09:00,    2276.000
24/05/2003 09:00,    2294.000
25/05/2003 09:00,    1954.000
26/05/2003 09:00,    2443.000
27/05/2003 09:00,    1944.000
28/05/2003 09:00,    2324.000
29/05/2003 09:00,    2095.000
30/05/2003 09:00,    2276.000
31/05/2003 09:00,    1765.000
01/06/2003 09:00,     643.000
02/06/2003 09:00,     437.000
03/06/2003 09:00,     644.000
04/06/2003 09:00,     845.000
05/06/2003 09:00,    1588.000
06/06/2003 09:00,    1591.000
07/06/2003 09:00,    1218.000
08/06/2003 09:00,    1222.000
09/06/2003 09:00,    1038.000
10/06/2003 09:00,    1032.000
11/06/2003 09:00,     649.000
12/06/2003 09:00,    1050.000
13/06/2003 09:00,    1052.000
14/06/2003 09:00,    1021.000
15/06/2003 09:00,    1423.000
16/06/2003 09:00,    1965.000
17/06/2003 09:00,    1799.000
18/06/2003 09:00,    1848.000
19/06/2003 09:00,    1809.000
20/06/2003 09:00,    1965.000
21/06/2003 09:00,    1975.000
22/06/2003 09:00,    1802.000
23/06/2003 09:00,    1796.000
24/06/2003 09:00,    1972.000
25/06/2003 09:00,    1965.000
26/06/2003 09:00,    1958.000
27/06/2003 09:00,    1951.000
28/06/2003 09:00,    1421.000
29/06/2003 09:00,    1052.000
30/06/2003 09:00,    1060.000
01/07/2003 09:00,    1423.000
02/07/2003 09:00,    1433.000
03/07/2003 09:00,     846.000
04/07/2003 09:00,     648.000
05/07/2003 09:00,     849.000
06/07/2003 09:00,    1052.000
07/07/2003 09:00,    1045.000
08/07/2003 09:00,    1043.000
09/07/2003 09:00,    1048.000
10/07/2003 09:00,    1053.000
11/07/2003 09:00,     855.000
12/07/2003 09:00,     854.000
13/07/2003 09:00,     854.000
14/07/2003 09:00,     656.000
15/07/2003 09:00,     653.000
16/07/2003 09:00,     653.000
17/07/2003 09:00,     857.000
18/07/2003 09:00,     281.000
19/07/2003 09:00,     863.000
20/07/2003 09:00,     866.000
21/07/2003 09:00,     662.000
22/07/2003 09:00,     882.000
23/07/2003 09:00,     877.000
24/07/2003 09:00,     669.000
25/07/2003 09:00,     892.000
26/07/2003 09:00,    1087.000
27/07/2003 09:00,     673.000
28/07/2003 09:00,     673.000
29/07/2003 09:00,     898.000
30/07/2003 09:00,     671.000
31/07/2003 09:00,     678.000
01/08/2003 09:00,     997.000
02/08/2003 09:00,     909.000
03/08/2003 09:00,     909.000
04/08/2003 09:00,     907.000
06/08/2003 09:00,    1136.000
07/08/2003 09:00,     914.000
08/08/2003 09:00,     701.000
09/08/2003 09:00,     696.000
10/08/2003 09:00,     708.000
11/08/2003 09:00,     463.000
12/08/2003 09:00,     450.000
13/08/2003 09:00,     451.000
14/08/2003 09:00,     452.000
15/08/2003 09:00,     458.000
16/08/2003 09:00,     471.000
17/08/2003 09:00,     483.000
18/08/2003 09:00,     496.000
19/08/2003 09:00,     506.000
20/08/2003 09:00,     511.000
21/08/2003 09:00,     510.000
22/08/2003 09:00,     512.000
23/08/2003 09:00,     512.000
24/08/2003 09:00,     515.000
25/08/2003 09:00,     521.000
26/08/2003 09:00,     523.000
27/08/2003 09:00,     526.000
28/08/2003 09:00,     530.000
29/08/2003 09:00,     535.000
30/08/2003 09:00,     538.000
01/09/2003 09:00,     545.000
02/09/2003 09:00,     545.000
03/09/2003 09:00,     551.000
04/09/2003 09:00,     554.000
05/09/2003 09:00,     557.000
06/09/2003 09:00,     541.000
07/09/2003 09:00,     541.000
08/09/2003 09:00,     548.000
09/09/2003 09:00,     538.000
10/09/2003 09:00,     532.000
11/09/2003 09:00,     529.000
12/09/2003 09:00,     527.000
13/09/2003 09:00,     524.000
14/09/2003 09:00,     527.000
15/09/2003 09:00,     529.000
16/09/2003 09:00,     536.000
17/09/2003 09:00,     544.000
18/09/2003 09:00,    1071.000
19/09/2003 09:00,    1597.000
20/09/2003 09:00,    2122.000
21/09/2003 09:00,    2626.000
22/09/2003 09:00,    3132.000
23/09/2003 09:00,    3654.000
24/09/2003 09:00,    4147.000
25/09/2003 09:00,    3164.000
26/09/2003 09:00,    2167.000
27/09/2003 09:00,    2199.000
28/09/2003 09:00,    2203.000
29/09/2003 09:00,    2205.000
30/09/2003 09:00,    2258.000
01/10/2003 09:00,    2289.000
02/10/2003 09:00,    1742.000
03/10/2003 09:00,    1178.000
04/10/2003 09:00,     600.000
05/10/2003 09:00,     602.000
06/10/2003 09:00,     603.000
07/10/2003 09:00,     604.000
08/10/2003 09:00,    1454.000
09/10/2003 09:00,    3099.000
10/10/2003 09:00,    4390.000
11/10/2003 09:00,    3914.000
12/10/2003 09:00,    3965.000
13/10/2003 09:00,    3907.000
14/10/2003 09:00,    3396.000
15/10/2003 09:00,    2607.000
16/10/2003 09:00,    1786.000
17/10/2003 09:00,    1789.000
18/10/2003 09:00,    1782.000
19/10/2003 09:00,    1785.000
20/10/2003 09:00,    1787.000
21/10/2003 09:00,    1501.000
22/10/2003 09:00,    1496.000
23/10/2003 09:00,    1499.000
24/10/2003 09:00,     608.000
25/10/2003 09:00,     910.000
26/10/2003 09:00,     910.000
27/10/2003 09:00,     910.000
28/10/2003 09:00,    1501.000
29/10/2003 09:00,    1785.000
30/10/2003 09:00,    1208.000
31/10/2003 09:00,    2368.000
01/11/2003 09:00,    2357.000
02/11/2003 09:00,    2635.000
03/11/2003 09:00,    2633.000
04/11/2003 09:00,    3166.000
05/11/2003 09:00,    2158.000
06/11/2003 09:00,    3150.000
07/11/2003 09:00,    3163.000
08/11/2003 09:00,    3676.000
09/11/2003 09:00,    3935.000
10/11/2003 09:00,    3924.000
11/11/2003 09:00,    5366.000
12/11/2003 09:00,    5406.000
13/11/2003 09:00,    4893.000
14/11/2003 09:00,    3349.000
15/11/2003 09:00,    3349.000
16/11/2003 09:00,    3349.000
17/11/2003 09:00,    3340.000
18/11/2003 09:00,    4911.000
19/11/2003 09:00,    4811.000
20/11/2003 09:00,    4317.000
21/11/2003 09:00,    3554.000
22/11/2003 09:00,    3547.000
23/11/2003 09:00,    3537.000
24/11/2003 09:00,    3770.000
25/11/2003 09:00,    3501.000
26/11/2003 09:00,    3484.000
27/11/2003 09:00,    2706.000
28/11/2003 09:00,    2693.000
29/11/2003 09:00,    2683.000
30/11/2003 09:00,    2678.000
01/12/2003 09:00,    4159.000
02/12/2003 09:00,    4612.000
03/12/2003 09:00,    4583.000
04/12/2003 09:00,    3899.000
05/12/2003 09:00,    3373.000
06/12/2003 09:00,    1616.000
07/12/2003 09:00,    1616.000
08/12/2003 09:00,    1616.000
09/12/2003 09:00,    1616.000
10/12/2003 09:00,    1349.000
11/12/2003 09:00,    1610.000
12/12/2003 09:00,    1626.000
13/12/2003 09:00,    2621.000
14/12/2003 09:00,    2615.000
15/12/2003 09:00,    2363.000
16/12/2003 09:00,    2373.000
17/12/2003 09:00,    2368.000
18/12/2003 09:00,    3068.000
19/12/2003 09:00,    3055.000
20/12/2003 09:00,    3565.000
21/12/2003 09:00,    3534.000
22/12/2003 09:00,    3511.000
23/12/2003 09:00,    3406.000
24/12/2003 09:00,    2573.000
26/12/2003 09:00,    2578.000
27/12/2003 09:00,    3282.000
28/12/2003 09:00,    3951.000
29/12/2003 09:00,    3519.000
30/12/2003 09:00,    3729.000
31/12/2003 09:00,    3268.000
01/01/2004 09:00,    3268.000
02/01/2004 09:00,    3257.000
03/01/2004 09:00,    3254.000
04/01/2004 09:00,    2800.000
05/01/2004 09:00,    2801.000
06/01/2004 09:00,    2792.000
07/01/2004 09:00,    3020.000
08/01/2004 09:00,    2535.000
09/01/2004 09:00,    2037.000
10/01/2004 09:00,    2519.000
11/01/2004 09:00,    1572.000
12/01/2004 09:00,    1797.000
13/01/2004 09:00,    1794.000
14/01/2004 09:00,    2277.000
15/01/2004 09:00,    2530.000
16/01/2004 09:00,    2990.000
17/01/2004 09:00,    4098.000
18/01/2004 09:00,    4083.000
19/01/2004 09:00,    4073.000
20/01/2004 09:00,    4059.000
21/01/2004 09:00,    4261.000
22/01/2004 09:00,    4245.000
23/01/2004 09:00,    4219.000
24/01/2004 09:00,    4193.000
25/01/2004 09:00,    4193.000
26/01/2004 09:00,    4177.000
27/01/2004 09:00,    4155.000
28/01/2004 09:00,    4352.000
29/01/2004 09:00,    4301.000
30/01/2004 09:00,    4085.000
31/01/2004 09:00,    4069.000
01/02/2004 09:00,    3476.000
02/02/2004 09:00,    3454.000
03/02/2004 09:00,    4441.000
04/02/2004 09:00,    4789.000
05/02/2004 09:00,    4934.000
06/02/2004 09:00,    4747.000
07/02/2004 09:00,    4698.000
08/02/2004 09:00,    4677.000
09/02/2004 09:00,    4641.000
10/02/2004 09:00,    4655.000
11/02/2004 09:00,    4612.000
12/02/2004 09:00,    4583.000
13/02/2004 09:00,    5351.000
14/02/2004 09:00,    5314.000
15/02/2004 09:00,    5117.000
16/02/2004 09:00,    5081.000
17/02/2004 09:00,    5026.000
18/02/2004 09:00,    4360.000
19/02/2004 09:00,    4353.000
20/02/2004 09:00,    4478.000
21/02/2004 09:00,    3642.000
22/02/2004 09:00,    3648.000
23/02/2004 09:00,    3936.000
24/02/2004 09:00,    4252.000
25/02/2004 09:00,    4553.000
26/02/2004 09:00,    4330.000
27/02/2004 09:00,    3699.000
28/02/2004 09:00,    3823.000
29/02/2004 09:00,    3938.000
01/03/2004 09:00,    3328.000
02/03/2004 09:00,    3334.000
03/03/2004 09:00,    3823.000
04/03/2004 09:00,    3298.000
05/03/2004 09:00,    3298.000
06/03/2004 09:00,    2775.000
07/03/2004 09:00,    2755.000
08/03/2004 09:00,    2942.000
09/03/2004 09:00,    2952.000
10/03/2004 09:00,    3549.000
11/03/2004 09:00,    4414.000
12/03/2004 09:00,    4414.000
13/03/2004 09:00,    3454.000
14/03/2004 09:00,    3645.000
15/03/2004 09:00,    4553.000
16/03/2004 09:00,    4845.000
17/03/2004 09:00,    5071.000
18/03/2004 09:00,    5046.000
19/03/2004 09:00,    5022.000
20/03/2004 09:00,    4424.000
21/03/2004 09:00,    3728.000
22/03/2004 09:00,    3428.000
23/03/2004 09:00,    3093.000
24/03/2004 09:00,    2765.000
25/03/2004 09:00,    2856.000
26/03/2004 09:00,    2883.000
27/03/2004 09:00,    3194.000
28/03/2004 09:00,    3443.000
29/03/2004 09:00,    3435.000
30/03/2004 09:00,    4133.000
31/03/2004 09:00,    4714.000
01/04/2004 09:00,    3958.000
02/04/2004 09:00,    2428.000
03/04/2004 09:00,    2399.000
04/04/2004 09:00,    2982.000
05/04/2004 09:00,    3298.000
06/04/2004 09:00,    3348.000
07/04/2004 09:00,    2375.000
08/04/2004 09:00,    1736.000
09/04/2004 09:00,    2219.000
10/04/2004 09:00,    2210.000
11/04/2004 09:00,    2197.000
12/04/2004 09:00,    2188.000
13/04/2004 09:00,    1711.000
14/04/2004 09:00,    2170.000
15/04/2004 09:00,    2151.000
16/04/2004 09:00,    2138.000
17/04/2004 09:00,    1989.000
18/04/2004 09:00,    1981.000
19/04/2004 09:00,    2124.000
20/04/2004 09:00,    2260.000
21/04/2004 09:00,    2239.000
22/04/2004 09:00,    2234.000
23/04/2004 09:00,    1925.000
24/04/2004 09:00,    1762.000
25/04/2004 09:00,    1754.000
26/04/2004 09:00,    1276.000
27/04/2004 09:00,    1428.000
28/04/2004 09:00,    1886.000
29/04/2004 09:00,    1738.000
30/04/2004 09:00,    1722.000
01/05/2004 09:00,     938.000
02/05/2004 09:00,     932.000
03/05/2004 09:00,     766.000
04/05/2004 09:00,     773.000
05/05/2004 09:00,     772.000
06/05/2004 09:00,     767.000
07/05/2004 09:00,     767.000
08/05/2004 09:00,    1746.000
09/05/2004 09:00,    1746.000
10/05/2004 09:00,    1738.000
11/05/2004 09:00,    1714.000
12/05/2004 09:00,    1710.000
13/05/2004 09:00,    1706.000
14/05/2004 09:00,    4352.000
15/05/2004 09:00,    1954.000
16/05/2004 09:00,    1954.000
17/05/2004 09:00,    1682.000
18/05/2004 09:00,    1706.000
19/05/2004 09:00,     726.000
20/05/2004 09:00,     375.000
21/05/2004 09:00,     377.000
22/05/2004 09:00,     377.000
23/05/2004 09:00,     559.000
24/05/2004 09:00,    1706.000
25/05/2004 09:00,     902.000
26/05/2004 09:00,     894.000
27/05/2004 09:00,    1192.000
28/05/2004 09:00,     881.000
29/05/2004 09:00,     542.000
30/05/2004 09:00,     366.000
31/05/2004 09:00,     366.000
01/06/2004 09:00,     361.000
02/06/2004 09:00,     362.000
03/06/2004 09:00,     362.000
04/06/2004 09:00,     360.000
05/06/2004 09:00,     366.000
06/06/2004 09:00,     378.000
07/06/2004 09:00,     382.000
08/06/2004 09:00,     382.000
09/06/2004 09:00,     383.000
10/06/2004 09:00,     375.000
11/06/2004 09:00,     366.000
12/06/2004 09:00,     353.000
13/06/2004 09:00,     363.000
14/06/2004 09:00,     382.000
15/06/2004 09:00,     389.000
16/06/2004 09:00,     392.000
17/06/2004 09:00,     392.000
18/06/2004 09:00,     395.000
19/06/2004 09:00,     395.000
20/06/2004 09:00,     405.000
21/06/2004 09:00,     597.000
22/06/2004 09:00,     793.000
23/06/2004 09:00,     794.000
24/06/2004 09:00,     798.000
25/06/2004 09:00,     804.000
26/06/2004 09:00,     804.000
27/06/2004 09:00,     807.000
28/06/2004 09:00,     809.000
29/06/2004 09:00,     809.000
30/06/2004 09:00,     623.000
01/07/2004 09:00,     825.000
02/07/2004 09:00,     621.000
03/07/2004 09:00,     419.000
04/07/2004 09:00,     422.000
05/07/2004 09:00,     425.000
06/07/2004 09:00,     630.000
07/07/2004 09:00,     630.000
08/07/2004 09:00,     633.000
09/07/2004 09:00,     643.000
10/07/2004 09:00,     431.000
11/07/2004 09:00,     432.000
12/07/2004 09:00,     436.000
13/07/2004 09:00,     654.000
14/07/2004 09:00,     661.000
16/07/2004 09:00,     880.000
17/07/2004 09:00,     666.000
18/07/2004 09:00,     454.000
19/07/2004 09:00,     678.000
20/07/2004 09:00,     684.000
21/07/2004 09:00,     689.000
22/07/2004 09:00,     703.000
23/07/2004 09:00,     925.000
24/07/2004 09:00,     926.000
25/07/2004 09:00,     928.000
26/07/2004 09:00,     714.000
27/07/2004 09:00,     482.000
28/07/2004 09:00,     485.000
29/07/2004 09:00,     491.000
30/07/2004 09:00,     741.000
31/07/2004 09:00,    1200.000
01/08/2004 09:00,    1207.000
02/08/2004 09:00,    1207.000
03/08/2004 09:00,    1222.000
04/08/2004 09:00,     988.000
05/08/2004 09:00,     992.000
06/08/2004 09:00,    1005.000
07/08/2004 09:00,    1005.000
08/08/2004 09:00,    1011.000
09/08/2004 09:00,     984.000
10/08/2004 09:00,    1020.000
11/08/2004 09:00,    1024.000
12/08/2004 09:00,    1029.000
13/08/2004 09:00,    1036.000
14/08/2004 09:00,    1036.000
15/08/2004 09:00,    1036.000
16/08/2004 09:00,    1048.000
17/08/2004 09:00,    1053.000
18/08/2004 09:00,    1062.000
19/08/2004 09:00,    1065.000
20/08/2004 09:00,    1069.000
21/08/2004 09:00,    1075.000
22/08/2004 09:00,    1083.000
23/08/2004 09:00,    1087.000
24/08/2004 09:00,     825.000
25/08/2004 09:00,     823.000
26/08/2004 09:00,     826.000
27/08/2004 09:00,     831.000
28/08/2004 09:00,     834.000
29/08/2004 09:00,     841.000
30/08/2004 09:00,    1374.000
31/08/2004 09:00,    1115.000
01/09/2004 09:00,    1382.000
02/09/2004 09:00,    1384.000
03/09/2004 09:00,    1384.000
04/09/2004 09:00,    1118.000
05/09/2004 09:00,    1120.000
06/09/2004 09:00,    1122.000
07/09/2004 09:00,     851.000
08/09/2004 09:00,     853.000
09/09/2004 09:00,     858.000
10/09/2004 09:00,     861.000
11/09/2004 09:00,    1409.000
12/09/2004 09:00,    1411.000
13/09/2004 09:00,    1411.000
14/09/2004 09:00,    1688.000
15/09/2004 09:00,    1143.000
16/09/2004 09:00,    1137.000
17/09/2004 09:00,     873.000
18/09/2004 09:00,     857.000
19/09/2004 09:00,     861.000
20/09/2004 09:00,     861.000
21/09/2004 09:00,    1144.000
22/09/2004 09:00,    1144.000
23/09/2004 09:00,     576.000
24/09/2004 09:00,     864.000
25/09/2004 09:00,     868.000
26/09/2004 09:00,     870.000
27/09/2004 09:00,     870.000
28/09/2004 09:00,     586.000
29/09/2004 09:00,     591.000
30/09/2004 09:00,     595.000
01/10/2004 09:00,     877.000
02/10/2004 09:00,     586.000
03/10/2004 09:00,     588.000
04/10/2004 09:00,    1177.000
05/10/2004 09:00,    1152.000
06/10/2004 09:00,    1173.000
07/10/2004 09:00,    2033.000
08/10/2004 09:00,    2030.000
09/10/2004 09:00,    2030.000
10/10/2004 09:00,    2030.000
11/10/2004 09:00,    2039.000
12/10/2004 09:00,    2043.000
13/10/2004 09:00,    2039.000
14/10/2004 09:00,    2041.000
15/10/2004 09:00,    2043.000
16/10/2004 09:00,    2043.000
17/10/2004 09:00,    2053.000
18/10/2004 09:00,    1190.000
19/10/2004 09:00,    1190.000
20/10/2004 09:00,    2049.000
21/10/2004 09:00,    2049.000
22/10/2004 09:00,    2046.000
23/10/2004 09:00,    2046.000
24/10/2004 09:00,    1761.000
25/10/2004 09:00,    1761.000
26/10/2004 09:00,    2054.000
27/10/2004 09:00,    2036.000
28/10/2004 09:00,    2043.000
29/10/2004 09:00,    1748.000
30/10/2004 09:00,    1747.000
31/10/2004 09:00,    1745.000
01/11/2004 09:00,    2293.000
02/11/2004 09:00,    2291.000
03/11/2004 09:00,    2291.000
04/11/2004 09:00,    2275.000
05/11/2004 09:00,    2001.000
06/11/2004 09:00,    1999.000
07/11/2004 09:00,    1156.000
08/11/2004 09:00,    1158.000
09/11/2004 09:00,    1158.000
10/11/2004 09:00,    1445.000
11/11/2004 09:00,    1731.000
12/11/2004 09:00,    1731.000
13/11/2004 09:00,    1732.000
14/11/2004 09:00,    1732.000
15/11/2004 09:00,    1722.000
16/11/2004 09:00,    1080.000
17/11/2004 09:00,     883.000
18/11/2004 09:00,     883.000
19/11/2004 09:00,     587.000
20/11/2004 09:00,     587.000
21/11/2004 09:00,     588.000
22/11/2004 09:00,     590.000
23/11/2004 09:00,     592.000
24/11/2004 09:00,     593.000
25/11/2004 09:00,     894.000
26/11/2004 09:00,     601.000
27/11/2004 09:00,     903.000
28/11/2004 09:00,    1776.000
29/11/2004 09:00,    4223.000
30/11/2004 09:00,    3158.000
01/12/2004 09:00,    3158.000
02/12/2004 09:00,    2620.000
03/12/2004 09:00,    2616.000
04/12/2004 09:00,    2616.000
05/12/2004 09:00,    2046.000
06/12/2004 09:00,    2635.000
07/12/2004 09:00,    4006.000
08/12/2004 09:00,    5288.000
09/12/2004 09:00,    5527.000
10/12/2004 09:00,    3726.000
11/12/2004 09:00,    3195.000
12/12/2004 09:00,    3464.000
13/12/2004 09:00,    3464.000
14/12/2004 09:00,    3726.000
15/12/2004 09:00,    4235.000
16/12/2004 09:00,    3436.000
17/12/2004 09:00,    3431.000
18/12/2004 09:00,    3428.000
19/12/2004 09:00,    3422.000
20/12/2004 09:00,    3416.000
21/12/2004 09:00,    2597.000
22/12/2004 09:00,    1751.000
23/12/2004 09:00,    1473.000
24/12/2004 09:00,    2036.000
26/12/2004 09:00,    2847.000
27/12/2004 09:00,    2312.000
28/12/2004 09:00,    1472.000
29/12/2004 09:00,    1474.000
30/12/2004 09:00,    1752.000
31/12/2004 09:00,    1470.000
01/01/2005 09:00,    1476.000
02/01/2005 09:00,    2049.000
03/01/2005 09:00,    2046.000
04/01/2005 09:00,    2041.000
05/01/2005 09:00,    3137.000
06/01/2005 09:00,    2866.000
07/01/2005 09:00,    2039.000
08/01/2005 09:00,    2033.000
09/01/2005 09:00,    2021.000
10/01/2005 09:00,    2852.000
11/01/2005 09:00,    3901.000
12/01/2005 09:00,    4145.000
13/01/2005 09:00,    4638.000
14/01/2005 09:00,    5602.000
15/01/2005 09:00,    5788.000
16/01/2005 09:00,    5754.000
17/01/2005 09:00,    5765.000
18/01/2005 09:00,    5009.000
19/01/2005 09:00,    4773.000
20/01/2005 09:00,    4268.000
21/01/2005 09:00,    4251.000
22/01/2005 09:00,    5189.000
23/01/2005 09:00,    6291.000
24/01/2005 09:00,    6229.000
25/01/2005 09:00,    6188.000
26/01/2005 09:00,    6160.000
27/01/2005 09:00,    6153.000
28/01/2005 09:00,    6319.000
29/01/2005 09:00,    6304.000
30/01/2005 09:00,    6260.000
31/01/2005 09:00,    5198.000
01/02/2005 09:00,    5186.000
02/02/2005 09:00,    4515.000
03/02/2005 09:00,    4724.000
04/02/2005 09:00,    5122.000
05/02/2005 09:00,    4906.000
06/02/2005 09:00,    4465.000
07/02/2005 09:00,    4650.000
08/02/2005 09:00,    3969.000
09/02/2005 09:00,    3969.000
10/02/2005 09:00,    1809.000
11/02/2005 09:00,    1059.000
12/02/2005 09:00,    1059.000
13/02/2005 09:00,    2330.000
14/02/2005 09:00,    2330.000
15/02/2005 09:00,    2321.000
16/02/2005 09:00,     537.000
17/02/2005 09:00,     803.000
18/02/2005 09:00,     803.000
19/02/2005 09:00,    3049.000
20/02/2005 09:00,    1831.000
21/02/2005 09:00,     540.000
22/02/2005 09:00,     542.000
23/02/2005 09:00,     542.000
24/02/2005 09:00,     545.000
25/02/2005 09:00,     547.000
26/02/2005 09:00,     549.000
27/02/2005 09:00,     554.000
28/02/2005 09:00,     565.000
01/03/2005 09:00,    1405.000
02/03/2005 09:00,    1941.000
03/03/2005 09:00,    2487.000
04/03/2005 09:00,    3256.000
05/03/2005 09:00,    3256.000
06/03/2005 09:00,    3521.000
07/03/2005 09:00,    3527.000
08/03/2005 09:00,    3262.000
09/03/2005 09:00,    3262.000
10/03/2005 09:00,    3521.000
11/03/2005 09:00,    3527.000
12/03/2005 09:00,    3521.000
13/03/2005 09:00,    3521.000
14/03/2005 09:00,    3514.000
15/03/2005 09:00,    3745.000
16/03/2005 09:00,    4929.000
17/03/2005 09:00,    4899.000
18/03/2005 09:00,    4868.000
19/03/2005 09:00,    4641.000
20/03/2005 09:00,    4410.000
21/03/2005 09:00,    4392.000
22/03/2005 09:00,    4374.000
23/03/2005 09:00,    4338.000
24/03/2005 09:00,    4776.000
25/03/2005 09:00,    4766.000
26/03/2005 09:00,    4739.000
27/03/2005 09:00,    4911.000
28/03/2005 09:00,    4889.000
29/03/2005 09:00,    4671.000
30/03/2005 09:00,    3534.000
31/03/2005 09:00,    3049.000
01/04/2005 09:00,    2092.000
02/04/2005 09:00,    1842.000
04/04/2005 09:00,    2562.000
05/04/2005 09:00,    3488.000
06/04/2005 09:00,    3477.000
07/04/2005 09:00,    3457.000
08/04/2005 09:00,    3225.000
09/04/2005 09:00,    2525.000
10/04/2005 09:00,    2753.000
11/04/2005 09:00,    2753.000
12/04/2005 09:00,    2741.000
13/04/2005 09:00,    2497.000
14/04/2005 09:00,    2486.000
15/04/2005 09:00,    2486.000
16/04/2005 09:00,    1756.000
17/04/2005 09:00,    1520.000
18/04/2005 09:00,    1525.000
19/04/2005 09:00,    1998.000
20/04/2005 09:00,    2228.000
21/04/2005 09:00,    2680.000
22/04/2005 09:00,    2886.000
23/04/2005 09:00,    1985.000
24/04/2005 09:00,    2218.000
25/04/2005 09:00,    2872.000
26/04/2005 09:00,    2858.000
27/04/2005 09:00,    3070.000
28/04/2005 09:00,    3062.000
29/04/2005 09:00,    3040.000
30/04/2005 09:00,    3240.000
01/05/2005 09:00,    1715.000
02/05/2005 09:00,    1251.000
03/05/2005 09:00,    1249.000
04/05/2005 09:00,    1246.000
05/05/2005 09:00,    1244.000
06/05/2005 09:00,    1232.000
07/05/2005 09:00,    1236.000
08/05/2005 09:00,    1236.000
09/05/2005 09:00,    1235.000
10/05/2005 09:00,    1233.000
11/05/2005 09:00,    1232.000
12/05/2005 09:00,    1456.000
13/05/2005 09:00,    1455.000
14/05/2005 09:00,    1451.000
15/05/2005 09:00,    1448.000
16/05/2005 09:00,    1445.000
17/05/2005 09:00,    1446.000
18/05/2005 09:00,    1441.000
19/05/2005 09:00,    1214.000
20/05/2005 09:00,    1214.000
21/05/2005 09:00,     251.000
22/05/2005 09:00,     251.000
23/05/2005 09:00,     255.000
24/05/2005 09:00,     502.000
25/05/2005 09:00,     501.000
26/05/2005 09:00,     739.000
27/05/2005 09:00,     974.000
28/05/2005 09:00,     972.000
29/05/2005 09:00,     969.000
30/05/2005 09:00,     735.000
31/05/2005 09:00,     729.000
01/06/2005 09:00,     729.000
02/06/2005 09:00,     961.000
03/06/2005 09:00,     958.000
04/06/2005 09:00,     958.000
05/06/2005 09:00,     726.000
06/06/2005 09:00,     957.000
07/06/2005 09:00,    1842.000
08/06/2005 09:00,    1842.000
09/06/2005 09:00,    2040.000
10/06/2005 09:00,    1837.000
11/06/2005 09:00,    1187.000
12/06/2005 09:00,     729.000
13/06/2005 09:00,     949.000
14/06/2005 09:00,    1182.000
15/06/2005 09:00,    1392.000
16/06/2005 09:00,    1175.000
17/06/2005 09:00,    1172.000
18/06/2005 09:00,    1382.000
19/06/2005 09:00,    1389.000
21/06/2005 09:00,    1168.000
22/06/2005 09:00,    1159.000
23/06/2005 09:00,     945.000
24/06/2005 09:00,     945.000
25/06/2005 09:00,     941.000
26/06/2005 09:00,    1160.000
27/06/2005 09:00,    1394.000
28/06/2005 09:00,    1157.000
29/06/2005 09:00,     939.000
30/06/2005 09:00,    1587.000
01/07/2005 09:00,    1996.000
02/07/2005 09:00,    1360.000
03/07/2005 09:00,     703.000
04/07/2005 09:00,    1148.000
05/07/2005 09:00,    1148.000
06/07/2005 09:00,    1148.000
07/07/2005 09:00,    1148.000
08/07/2005 09:00,    1154.000
09/07/2005 09:00,    1151.000
10/07/2005 09:00,     939.000
11/07/2005 09:00,    1394.000
12/07/2005 09:00,    1163.000
13/07/2005 09:00,    1169.000
14/07/2005 09:00,     947.000
15/07/2005 09:00,    1182.000
16/07/2005 09:00,    1187.000
17/07/2005 09:00,    1169.000
18/07/2005 09:00,    1192.000
19/07/2005 09:00,    1417.000
20/07/2005 09:00,    1424.000
21/07/2005 09:00,    1427.000
22/07/2005 09:00,    1434.000
23/07/2005 09:00,    1438.000
24/07/2005 09:00,    1439.000
25/07/2005 09:00,    1212.000
26/07/2005 09:00,     981.000
27/07/2005 09:00,     990.000
28/07/2005 09:00,     994.000
29/07/2005 09:00,     506.000
30/07/2005 09:00,     509.000
31/07/2005 09:00,    1002.000
01/08/2005 09:00,    1705.000
02/08/2005 09:00,    1478.000
03/08/2005 09:00,    1234.000
05/08/2005 09:00,     515.000
06/08/2005 09:00,     768.000
07/08/2005 09:00,    1022.000
08/08/2005 09:00,    1023.000
09/08/2005 09:00,    1027.000
10/08/2005 09:00,    1270.000
11/08/2005 09:00,    1027.000
12/08/2005 09:00,    1035.000
13/08/2005 09:00,    1284.000
14/08/2005 09:00,    1284.000
15/08/2005 09:00,    1291.000
16/08/2005 09:00,    1042.000
17/08/2005 09:00,     788.000
18/08/2005 09:00,     788.000
19/08/2005 09:00,     790.000
20/08/2005 09:00,    1044.000
21/08/2005 09:00,    1049.000
22/08/2005 09:00,    1052.000
23/08/2005 09:00,    1052.000
24/08/2005 09:00,     796.000
25/08/2005 09:00,     535.000
26/08/2005 09:00,     539.000
27/08/2005 09:00,     541.000
28/08/2005 09:00,     811.000
29/08/2005 09:00,    1075.000
30/08/2005 09:00,     823.000
31/08/2005 09:00,     554.000
01/09/2005 09:00,     825.000
02/09/2005 09:00,     828.000
03/09/2005 09:00,     833.000
04/09/2005 09:00,     837.000
05/09/2005 09:00,     565.000
06/09/2005 09:00,     559.000
07/09/2005 09:00,     560.000
08/09/2005 09:00,     562.000
09/09/2005 09:00,     564.000
10/09/2005 09:00,     556.000
11/09/2005 09:00,     558.000
12/09/2005 09:00,     563.000
13/09/2005 09:00,     565.000
14/09/2005 09:00,     568.000
15/09/2005 09:00,     569.000
16/09/2005 09:00,     566.000
17/09/2005 09:00,     564.000
18/09/2005 09:00,     561.000
19/09/2005 09:00,     561.000
20/09/2005 09:00,     563.000
21/09/2005 09:00,     566.000
22/09/2005 09:00,     562.000
23/09/2005 09:00,     567.000
24/09/2005 09:00,     568.000
25/09/2005 09:00,     567.000
26/09/2005 09:00,     567.000
27/09/2005 09:00,     568.000
28/09/2005 09:00,     573.000
29/09/2005 09:00,     572.000
30/09/2005 09:00,     572.000
01/10/2005 09:00,     575.000
02/10/2005 09:00,     575.000
03/10/2005 09:00,     575.000
04/10/2005 09:00,     577.000
05/10/2005 09:00,     576.000
06/10/2005 09:00,     578.000
07/10/2005 09:00,     579.000
08/10/2005 09:00,     573.000
09/10/2005 09:00,     572.000
10/10/2005 09:00,     572.000
11/10/2005 09:00,     571.000
12/10/2005 09:00,     573.000
13/10/2005 09:00,     573.000
14/10/2005 09:00,     578.000
15/10/2005 09:00,     572.000
16/10/2005 09:00,     575.000
17/10/2005 09:00,     575.000
18/10/2005 09:00,     581.000
19/10/2005 09:00,     577.000
20/10/2005 09:00,     581.000
21/10/2005 09:00,     581.000
22/10/2005 09:00,     582.000
23/10/2005 09:00,     584.000
24/10/2005 09:00,     589.000
25/10/2005 09:00,     588.000
26/10/2005 09:00,     587.000
27/10/2005 09:00,     587.000
28/10/2005 09:00,     587.000
29/10/2005 09:00,     589.000
30/10/2005 09:00,     589.000
31/10/2005 09:00,     591.000
01/11/2005 09:00,     590.000
02/11/2005 09:00,     586.000
03/11/2005 09:00,     577.000
04/11/2005 09:00,     573.000
05/11/2005 09:00,     597.000
06/11/2005 09:00,     568.000
07/11/2005 09:00,     568.000
08/11/2005 09:00,     563.000
09/11/2005 09:00,     557.000
10/11/2005 09:00,     549.000
11/11/2005 09:00,     548.000
12/11/2005 09:00,    1912.000
13/11/2005 09:00,    1869.000
14/11/2005 09:00,    1883.000
15/11/2005 09:00,    1885.000
16/11/2005 09:00,    1896.000
17/11/2005 09:00,    1892.000
18/11/2005 09:00,     823.000
19/11/2005 09:00,     827.000
20/11/2005 09:00,     826.000
21/11/2005 09:00,     828.000
22/11/2005 09:00,     838.000
23/11/2005 09:00,     565.000
24/11/2005 09:00,     428.000
25/11/2005 09:00,     436.000
26/11/2005 09:00,     432.000
27/11/2005 09:00,     434.000
28/11/2005 09:00,     436.000
29/11/2005 09:00,     436.000
30/11/2005 09:00,     438.000
01/12/2005 09:00,     431.000
02/12/2005 09:00,     429.000
03/12/2005 09:00,     847.000
04/12/2005 09:00,     851.000
05/12/2005 09:00,     850.000
06/12/2005 09:00,     860.000
08/12/2005 09:00,     848.000
09/12/2005 09:00,     850.000
10/12/2005 09:00,     847.000
11/12/2005 09:00,     847.000
12/12/2005 09:00,     849.000
13/12/2005 09:00,     865.000
14/12/2005 09:00,     870.000
15/12/2005 09:00,     875.000
16/12/2005 09:00,     892.000
17/12/2005 09:00,    2904.000
18/12/2005 09:00,    3176.000
19/12/2005 09:00,    3158.000
20/12/2005 09:00,    3158.000
21/12/2005 09:00,    3184.000
22/12/2005 09:00,    2058.000
23/12/2005 09:00,    2056.000
24/12/2005 09:00,    2335.000
26/12/2005 09:00,    2319.000
27/12/2005 09:00,    2318.000
28/12/2005 09:00,    2036.000
29/12/2005 09:00,    2043.000
30/12/2005 09:00,    3410.000
31/12/2005 09:00,    4952.000
01/01/2006 09:00,    5194.000
02/01/2006 09:00,    5666.000
03/01/2006 09:00,    5634.000
04/01/2006 09:00,    5361.000
05/01/2006 09:00,    5829.000
06/01/2006 09:00,    5806.000
07/01/2006 09:00,    6277.000
08/01/2006 09:00,    5973.000
09/01/2006 09:00,    5943.000
10/01/2006 09:00,    6130.000
11/01/2006 09:00,    6085.000
12/01/2006 09:00,    5831.000
13/01/2006 09:00,    5788.000
14/01/2006 09:00,    5756.000
15/01/2006 09:00,    5737.000
16/01/2006 09:00,    5706.000
17/01/2006 09:00,    5680.000
18/01/2006 09:00,    5840.000
19/01/2006 09:00,    6033.000
20/01/2006 09:00,    6223.000
21/01/2006 09:00,    6125.000
22/01/2006 09:00,    6102.000
23/01/2006 09:00,    6439.000
24/01/2006 09:00,    6217.000
25/01/2006 09:00,    6380.000
26/01/2006 09:00,    5853.000
27/01/2006 09:00,    5893.000
28/01/2006 09:00,    5885.000
29/01/2006 09:00,    5853.000
30/01/2006 09:00,    6854.000
31/01/2006 09:00,    6640.000
01/02/2006 09:00,    5450.000
02/02/2006 09:00,    5277.000
03/02/2006 09:00,    5262.000
04/02/2006 09:00,    5434.000
05/02/2006 09:00,    5387.000
06/02/2006 09:00,    5502.000
07/02/2006 09:00,    5442.000
08/02/2006 09:00,    5408.000
09/02/2006 09:00,    4641.000
10/02/2006 09:00,    4118.000
11/02/2006 09:00,    4271.000
12/02/2006 09:00,    4396.000
13/02/2006 09:00,    4375.000
14/02/2006 09:00,    4361.000
15/02/2006 09:00,    5024.000
16/02/2006 09:00,    4990.000
17/02/2006 09:00,    4920.000
18/02/2006 09:00,    4920.000
19/02/2006 09:00,    4868.000
20/02/2006 09:00,    4639.000
21/02/2006 09:00,    4605.000
22/02/2006 09:00,    4605.000
23/02/2006 09:00,    4544.000
24/02/2006 09:00,    4679.000
25/02/2006 09:00,    4518.000
26/02/2006 09:00,    4330.000
27/02/2006 09:00,    4456.000
28/02/2006 09:00,    4631.000
01/03/2006 09:00,    4189.000
02/03/2006 09:00,    4339.000
03/03/2006 09:00,    4176.000
04/03/2006 09:00,    3328.000
05/03/2006 09:00,    3441.000
06/03/2006 09:00,    3521.000
07/03/2006 09:00,    3944.000
08/03/2006 09:00,    4236.000
09/03/2006 09:00,    4076.000
10/03/2006 09:00,    3261.000
11/03/2006 09:00,    3370.000
12/03/2006 09:00,    3087.000
13/03/2006 09:00,    3362.000
15/03/2006 09:00,    3683.000
16/03/2006 09:00,    2862.000
17/03/2006 09:00,    1586.000
18/03/2006 09:00,    1933.000
19/03/2006 09:00,    2111.000
20/03/2006 09:00,    2281.000
21/03/2006 09:00,    3303.000
22/03/2006 09:00,    4304.000
23/03/2006 09:00,    4304.000
24/03/2006 09:00,    2276.000
25/03/2006 09:00,    3258.000
26/03/2006 09:00,    3364.000
27/03/2006 09:00,    2989.000
28/03/2006 09:00,    3315.000
29/03/2006 09:00,    3072.000
30/03/2006 09:00,    1681.000
31/03/2006 09:00,     801.000
01/04/2006 09:00,     991.000
02/04/2006 09:00,     991.000
03/04/2006 09:00,    1179.000
04/04/2006 09:00,    1183.000
05/04/2006 09:00,    1189.000
06/04/2006 09:00,    2268.000
07/04/2006 09:00,    1714.000
08/04/2006 09:00,    1704.000
09/04/2006 09:00,    1701.000
10/04/2006 09:00,    1714.000
11/04/2006 09:00,    2071.000
12/04/2006 09:00,    2063.000
13/04/2006 09:00,    2206.000
14/04/2006 09:00,    2472.000
15/04/2006 09:00,    1868.000
16/04/2006 09:00,    1864.000
17/04/2006 09:00,    1890.000
18/04/2006 09:00,    1875.000
19/04/2006 09:00,    1181.000
20/04/2006 09:00,    1177.000
21/04/2006 09:00,    1526.000
22/04/2006 09:00,    1351.000
23/04/2006 09:00,    1351.000
24/04/2006 09:00,    1521.000
25/04/2006 09:00,    1535.000
26/04/2006 09:00,    1546.000
27/04/2006 09:00,    3145.000
28/04/2006 09:00,    1671.000
29/04/2006 09:00,     794.000
30/04/2006 09:00,     988.000
01/05/2006 09:00,     811.000
02/05/2006 09:00,    1214.000
03/05/2006 09:00,    1762.000
04/05/2006 09:00,    1038.000
05/05/2006 09:00,     853.000
06/05/2006 09:00,     876.000
07/05/2006 09:00,    1975.000
08/05/2006 09:00,    1830.000
09/05/2006 09:00,    1848.000
10/05/2006 09:00,    1277.000
11/05/2006 09:00,    1277.000
12/05/2006 09:00,    1096.000
13/05/2006 09:00,    1112.000
14/05/2006 09:00,    1316.000
15/05/2006 09:00,    1963.000
16/05/2006 09:00,    1976.000
17/05/2006 09:00,    1353.000
18/05/2006 09:00,     701.000
19/05/2006 09:00,     711.000
20/05/2006 09:00,     943.000
21/05/2006 09:00,     950.000
22/05/2006 09:00,     958.000
23/05/2006 09:00,    1194.000
24/05/2006 09:00,    1633.000
25/05/2006 09:00,     972.000
26/05/2006 09:00,     499.000
27/05/2006 09:00,     501.000
28/05/2006 09:00,     504.000
29/05/2006 09:00,     504.000
30/05/2006 09:00,     511.000
31/05/2006 09:00,    1008.000
01/06/2006 09:00,    1012.000
02/06/2006 09:00,    1013.000
03/06/2006 09:00,     513.000
04/06/2006 09:00,     774.000
05/06/2006 09:00,     776.000
06/06/2006 09:00,    1035.000
07/06/2006 09:00,    1281.000
08/06/2006 09:00,    1758.000
09/06/2006 09:00,    1280.000
10/06/2006 09:00,     523.000
11/06/2006 09:00,     523.000
12/06/2006 09:00,     522.000
13/06/2006 09:00,     524.000
14/06/2006 09:00,     522.000
15/06/2006 09:00,     780.000
16/06/2006 09:00,    1277.000
17/06/2006 09:00,    2208.000
18/06/2006 09:00,    2205.000
19/06/2006 09:00,    1978.000
20/06/2006 09:00,    1740.000
21/06/2006 09:00,    1742.000
22/06/2006 09:00,    1738.000
23/06/2006 09:00,    1502.000
24/06/2006 09:00,    1500.000
25/06/2006 09:00,    1497.000
26/06/2006 09:00,    1500.000
27/06/2006 09:00,    1727.000
28/06/2006 09:00,    1953.000
29/06/2006 09:00,    1947.000
30/06/2006 09:00,    1947.000
01/07/2006 09:00,    1944.000
02/07/2006 09:00,    1944.000
03/07/2006 09:00,    1937.000
04/07/2006 09:00,    1937.000
05/07/2006 09:00,    1935.000
06/07/2006 09:00,    1931.000
07/07/2006 09:00,    1928.000
08/07/2006 09:00,    1924.000
09/07/2006 09:00,    1922.000
10/07/2006 09:00,    1922.000
11/07/2006 09:00,    1685.000
12/07/2006 09:00,    1453.000
13/07/2006 09:00,    1453.000
14/07/2006 09:00,    1894.000
15/07/2006 09:00,    1675.000
16/07/2006 09:00,    1671.000
17/07/2006 09:00,    1677.000
18/07/2006 09:00,    2120.000
19/07/2006 09:00,    2120.000
20/07/2006 09:00,    2115.000
21/07/2006 09:00,    2115.000
22/07/2006 09:00,    2543.000
23/07/2006 09:00,    2323.000
24/07/2006 09:00,    1669.000
25/07/2006 09:00,     746.000
26/07/2006 09:00,     989.000
27/07/2006 09:00,     992.000
28/07/2006 09:00,    1687.000
29/07/2006 09:00,    2138.000
30/07/2006 09:00,    2367.000
31/07/2006 09:00,    2588.000
01/08/2006 09:00,    3224.000
02/08/2006 09:00,    2806.000
03/08/2006 09:00,    2379.000
04/08/2006 09:00,    1713.000
05/08/2006 09:00,    2177.000
06/08/2006 09:00,    2408.000
07/08/2006 09:00,    2190.000
08/08/2006 09:00,    1971.000
09/08/2006 09:00,    2205.000
10/08/2006 09:00,    2444.000
11/08/2006 09:00,    2230.000
12/08/2006 09:00,    2238.000
13/08/2006 09:00,    2247.000
14/08/2006 09:00,    2257.000
15/08/2006 09:00,    2267.000
16/08/2006 09:00,    2279.000
17/08/2006 09:00,    2287.000
18/08/2006 09:00,    2301.000
19/08/2006 09:00,    2554.000
20/08/2006 09:00,    2562.000
21/08/2006 09:00,    2573.000
22/08/2006 09:00,    2813.000
23/08/2006 09:00,    2589.000
24/08/2006 09:00,    2592.000
25/08/2006 09:00,    2107.000
26/08/2006 09:00,    1359.000
27/08/2006 09:00,    1614.000
28/08/2006 09:00,    1619.000
29/08/2006 09:00,    1885.000
30/08/2006 09:00,    2142.000
31/08/2006 09:00,    2152.000
01/09/2006 09:00,    2159.000
02/09/2006 09:00,    2680.000
03/09/2006 09:00,    3167.000
04/09/2006 09:00,    3170.000
05/09/2006 09:00,    3176.000
06/09/2006 09:00,    2675.000
07/09/2006 09:00,    1645.000
08/09/2006 09:00,     839.000
09/09/2006 09:00,     841.000
10/09/2006 09:00,     843.000
11/09/2006 09:00,    1114.000
12/09/2006 09:00,    1116.000
13/09/2006 09:00,    1385.000
14/09/2006 09:00,    1389.000
15/09/2006 09:00,    1389.000
16/09/2006 09:00,    1392.000
17/09/2006 09:00,    1651.000
18/09/2006 09:00,    1399.000
19/09/2006 09:00,    1667.000
20/09/2006 09:00,    1661.000
21/09/2006 09:00,    2954.000
22/09/2006 09:00,    2965.000
23/09/2006 09:00,    2962.000
24/09/2006 09:00,    2965.000
25/09/2006 09:00,    2708.000
26/09/2006 09:00,    2718.000
27/09/2006 09:00,    2721.000
28/09/2006 09:00,    2974.000
29/09/2006 09:00,    2974.000
30/09/2006 09:00,    2976.000
01/10/2006 09:00,    3955.000
02/10/2006 09:00,    4856.000
03/10/2006 09:00,    4433.000
04/10/2006 09:00,    3947.000
05/10/2006 09:00,    3219.000
06/10/2006 09:00,    2460.000
07/10/2006 09:00,    2462.000
08/10/2006 09:00,    3454.000
09/10/2006 09:00,    4388.000
10/10/2006 09:00,    3903.000
11/10/2006 09:00,    3662.000
12/10/2006 09:00,    3427.000
13/10/2006 09:00,    3417.000
14/10/2006 09:00,    3407.000
15/10/2006 09:00,    3643.000
16/10/2006 09:00,    3636.000
17/10/2006 09:00,    3625.000
18/10/2006 09:00,    3366.000
19/10/2006 09:00,    3366.000
20/10/2006 09:00,    2642.000
21/10/2006 09:00,    2122.000
22/10/2006 09:00,    2122.000
23/10/2006 09:00,    2368.000
24/10/2006 09:00,    2615.000
25/10/2006 09:00,    2610.000
26/10/2006 09:00,    2356.000
27/10/2006 09:00,    2344.000
28/10/2006 09:00,    2337.000
29/10/2006 09:00,    2342.000
30/10/2006 09:00,    2101.000
31/10/2006 09:00,    2097.000
01/11/2006 09:00,    2330.000
02/11/2006 09:00,    2078.000
03/11/2006 09:00,    1825.000
04/11/2006 09:00,    1822.000
05/11/2006 09:00,    1825.000
06/11/2006 09:00,    1820.000
07/11/2006 09:00,    2063.000
08/11/2006 09:00,    1812.000
09/11/2006 09:00,    1309.000
10/11/2006 09:00,    1055.000
11/11/2006 09:00,     799.000
12/11/2006 09:00,    1053.000
13/11/2006 09:00,    1053.000
14/11/2006 09:00,    1057.000
15/11/2006 09:00,    1051.000
16/11/2006 09:00,     798.000
17/11/2006 09:00,     799.000
18/11/2006 09:00,    1068.000
19/11/2006 09:00,    1075.000
20/11/2006 09:00,    1080.000
21/11/2006 09:00,    1838.000
22/11/2006 09:00,    1838.000
23/11/2006 09:00,    1588.000
24/11/2006 09:00,    1588.000
25/11/2006 09:00,    1075.000
26/11/2006 09:00,     812.000
27/11/2006 09:00,     549.000
28/11/2006 09:00,     819.000
29/11/2006 09:00,    1082.000
30/11/2006 09:00,    1083.000
01/12/2006 09:00,    1597.000
02/12/2006 09:00,    2586.000
03/12/2006 09:00,    2584.000
04/12/2006 09:00,    2335.000
05/12/2006 09:00,    1330.000
06/12/2006 09:00,    1329.000
07/12/2006 09:00,    1330.000
08/12/2006 09:00,    1585.000
09/12/2006 09:00,    1582.000
10/12/2006 09:00,    2082.000
11/12/2006 09:00,    2069.000
12/12/2006 09:00,    2792.000
13/12/2006 09:00,    2792.000
14/12/2006 09:00,    2061.000
15/12/2006 09:00,    1310.000
16/12/2006 09:00,    1552.000
17/12/2006 09:00,    1553.000
18/12/2006 09:00,    1555.000
19/12/2006 09:00,    1805.000
20/12/2006 09:00,    1797.000
21/12/2006 09:00,    2519.000
22/12/2006 09:00,    2983.000
23/12/2006 09:00,    3192.000
24/12/2006 09:00,    3178.000
25/12/2006 09:00,    3178.000
26/12/2006 09:00,    3148.000
27/12/2006 09:00,    3141.000
28/12/2006 09:00,    2228.000
29/12/2006 09:00,    2680.000
30/12/2006 09:00,    3130.000
31/12/2006 09:00,    3322.000
01/01/2007 09:00,    3108.000
02/01/2007 09:00,    3115.000
03/01/2007 09:00,    3104.000
04/01/2007 09:00,    2402.000
05/01/2007 09:00,    1492.000
06/01/2007 09:00,    1731.000
07/01/2007 09:00,    2185.000
08/01/2007 09:00,    2177.000
09/01/2007 09:00,    2405.000
10/01/2007 09:00,    2402.000
11/01/2007 09:00,    2607.000
12/01/2007 09:00,    3244.000
13/01/2007 09:00,    3436.000
14/01/2007 09:00,    3427.000
15/01/2007 09:00,    3409.000
16/01/2007 09:00,    3190.000
17/01/2007 09:00,    3177.000
18/01/2007 09:00,    3173.000
19/01/2007 09:00,    3173.000
20/01/2007 09:00,    2749.000
21/01/2007 09:00,    2749.000
22/01/2007 09:00,    2117.000
23/01/2007 09:00,    1450.000
24/01/2007 09:00,    2133.000
25/01/2007 09:00,    2767.000
26/01/2007 09:00,    4160.000
27/01/2007 09:00,    4154.000
28/01/2007 09:00,    4130.000
29/01/2007 09:00,    4112.000
30/01/2007 09:00,    4100.000
31/01/2007 09:00,    3508.000
01/02/2007 09:00,    3679.000
02/02/2007 09:00,    3679.000
03/02/2007 09:00,    4219.000
04/02/2007 09:00,    4193.000
05/02/2007 09:00,    3996.000
06/02/2007 09:00,    4120.000
07/02/2007 09:00,    4284.000
08/02/2007 09:00,    4414.000
09/02/2007 09:00,    4715.000
10/02/2007 09:00,    4988.000
11/02/2007 09:00,    4942.000
12/02/2007 09:00,    4913.000
13/02/2007 09:00,    4885.000
14/02/2007 09:00,    4973.000
15/02/2007 09:00,    4509.000
16/02/2007 09:00,    3524.000
17/02/2007 09:00,    3498.000
18/02/2007 09:00,    3505.000
19/02/2007 09:00,    3604.000
20/02/2007 09:00,    4069.000
21/02/2007 09:00,    4284.000
22/02/2007 09:00,    4210.000
23/02/2007 09:00,    4564.000
24/02/2007 09:00,    4531.000
25/02/2007 09:00,    4547.000
26/02/2007 09:00,    4523.000
27/02/2007 09:00,    4463.000
28/02/2007 09:00,    4362.000
01/03/2007 09:00,    2791.000
02/03/2007 09:00,    1433.000
03/03/2007 09:00,    1451.000
04/03/2007 09:00,    1430.000
05/03/2007 09:00,    1774.000
06/03/2007 09:00,    1771.000
07/03/2007 09:00,    1423.000
08/03/2007 09:00,    1419.000
09/03/2007 09:00,    1419.000
10/03/2007 09:00,    1771.000
11/03/2007 09:00,    1756.000
12/03/2007 09:00,    1212.000
13/03/2007 09:00,    1216.000
14/03/2007 09:00,    1402.000
15/03/2007 09:00,    1397.000
16/03/2007 09:00,    1216.000
17/03/2007 09:00,    1397.000
18/03/2007 09:00,    1397.000
19/03/2007 09:00,    1574.000
20/03/2007 09:00,    1743.000
21/03/2007 09:00,    1566.000
22/03/2007 09:00,    1392.000
23/03/2007 09:00,    1397.000
24/03/2007 09:00,    1383.000
25/03/2007 09:00,    1383.000
26/03/2007 09:00,    1385.000
27/03/2007 09:00,    1187.000
28/03/2007 09:00,    1214.000
29/03/2007 09:00,    1193.000
30/03/2007 09:00,    1193.000
31/03/2007 09:00,    1187.000
01/04/2007 09:00,    1013.000
02/04/2007 09:00,     825.000
03/04/2007 09:00,     627.000
04/04/2007 09:00,     630.000
05/04/2007 09:00,     636.000
06/04/2007 09:00,     528.000
07/04/2007 09:00,     530.000
08/04/2007 09:00,     530.000
09/04/2007 09:00,     630.000
10/04/2007 09:00,     630.000
11/04/2007 09:00,     628.000
12/04/2007 09:00,     627.000
13/04/2007 09:00,     627.000
14/04/2007 09:00,     816.000
15/04/2007 09:00,     620.000
16/04/2007 09:00,     615.000
17/04/2007 09:00,     621.000
18/04/2007 09:00,     621.000
19/04/2007 09:00,     618.000
20/04/2007 09:00,     618.000
21/04/2007 09:00,     618.000
22/04/2007 09:00,     618.000
23/04/2007 09:00,     617.000
24/04/2007 09:00,     615.000
25/04/2007 09:00,     615.000
26/04/2007 09:00,     615.000
27/04/2007 09:00,     614.000
28/04/2007 09:00,     613.000
29/04/2007 09:00,     418.000
30/04/2007 09:00,     419.000
01/05/2007 09:00,     421.000
02/05/2007 09:00,     423.000
03/05/2007 09:00,     622.000
04/05/2007 09:00,     811.000
05/05/2007 09:00,     996.000
06/05/2007 09:00,     998.000
07/05/2007 09:00,    1000.000
08/05/2007 09:00,     619.000
09/05/2007 09:00,     418.000
10/05/2007 09:00,     421.000
11/05/2007 09:00,     417.000
12/05/2007 09:00,     624.000
13/05/2007 09:00,     813.000
14/05/2007 09:00,     720.000
15/05/2007 09:00,     719.000
16/05/2007 09:00,     526.000
17/05/2007 09:00,     527.000
18/05/2007 09:00,     428.000
19/05/2007 09:00,     430.000
20/05/2007 09:00,     532.000
21/05/2007 09:00,     730.000
22/05/2007 09:00,     733.000
23/05/2007 09:00,    1022.000
24/05/2007 09:00,     829.000
25/05/2007 09:00,     633.000
26/05/2007 09:00,     532.000
27/05/2007 09:00,     734.000
28/05/2007 09:00,     836.000
29/05/2007 09:00,     836.000
30/05/2007 09:00,     930.000
31/05/2007 09:00,     933.000
01/06/2007 09:00,     324.000
02/06/2007 09:00,     216.000
03/06/2007 09:00,     220.000
04/06/2007 09:00,     433.000
05/06/2007 09:00,     644.000
06/06/2007 09:00,     644.000
07/06/2007 09:00,     644.000
08/06/2007 09:00,     435.000
09/06/2007 09:00,     435.000
10/06/2007 09:00,     437.000
11/06/2007 09:00,     645.000
12/06/2007 09:00,     543.000
13/06/2007 09:00,     647.000
14/06/2007 09:00,     543.000
15/06/2007 09:00,     438.000
16/06/2007 09:00,     440.000
17/06/2007 09:00,     439.000
18/06/2007 09:00,     439.000
19/06/2007 09:00,     544.000
20/06/2007 09:00,     595.000
21/06/2007 09:00,     600.000
22/06/2007 09:00,     604.000
23/06/2007 09:00,     605.000
24/06/2007 09:00,     557.000
25/06/2007 09:00,     559.000
26/06/2007 09:00,     343.000
27/06/2007 09:00,     345.000
28/06/2007 09:00,     451.000
29/06/2007 09:00,     567.000
30/06/2007 09:00,     570.000
01/07/2007 09:00,     573.000
02/07/2007 09:00,     576.000
03/07/2007 09:00,     576.000
04/07/2007 09:00,     578.000
05/07/2007 09:00,     579.000
06/07/2007 09:00,     582.000
07/07/2007 09:00,     582.000
08/07/2007 09:00,     468.000
09/07/2007 09:00,     469.000
10/07/2007 09:00,     583.000
11/07/2007 09:00,     583.000
12/07/2007 09:00,     585.000
13/07/2007 09:00,     586.000
14/07/2007 09:00,     587.000
15/07/2007 09:00,     587.000
16/07/2007 09:00,     703.000
17/07/2007 09:00,     704.000
18/07/2007 09:00,     705.000
19/07/2007 09:00,     705.000
20/07/2007 09:00,     708.000
21/07/2007 09:00,     713.000
22/07/2007 09:00,     716.000
23/07/2007 09:00,     718.000
24/07/2007 09:00,     641.000
25/07/2007 09:00,     608.000
26/07/2007 09:00,     610.000
27/07/2007 09:00,     615.000
28/07/2007 09:00,     615.000
29/07/2007 09:00,     625.000
30/07/2007 09:00,     508.000
31/07/2007 09:00,     512.000
01/08/2007 09:00,     516.000
02/08/2007 09:00,     517.000
03/08/2007 09:00,     518.000
04/08/2007 09:00,     522.000
05/08/2007 09:00,     525.000
06/08/2007 09:00,     528.000
07/08/2007 09:00,     533.000
08/08/2007 09:00,     536.000
09/08/2007 09:00,     539.000
10/08/2007 09:00,     542.000
11/08/2007 09:00,     545.000
12/08/2007 09:00,     546.000
13/08/2007 09:00,     548.000
14/08/2007 09:00,     685.000
15/08/2007 09:00,     688.000
16/08/2007 09:00,     690.000
17/08/2007 09:00,     690.000
18/08/2007 09:00,     560.000
19/08/2007 09:00,     562.000
20/08/2007 09:00,     564.000
21/08/2007 09:00,     565.000
22/08/2007 09:00,     702.000
23/08/2007 09:00,     704.000
24/08/2007 09:00,     704.000
25/08/2007 09:00,     704.000
26/08/2007 09:00,     573.000
27/08/2007 09:00,     577.000
28/08/2007 09:00,     715.000
29/08/2007 09:00,     725.000
30/08/2007 09:00,     721.000
31/08/2007 09:00,     721.000
01/09/2007 09:00,     584.000
02/09/2007 09:00,     726.000
03/09/2007 09:00,     726.000
04/09/2007 09:00,     726.000
05/09/2007 09:00,     726.000
06/09/2007 09:00,     729.000
07/09/2007 09:00,     731.000
08/09/2007 09:00,     731.000
09/09/2007 09:00,     731.000
10/09/2007 09:00,     733.000
11/09/2007 09:00,     732.000
12/09/2007 09:00,     733.000
13/09/2007 09:00,    1290.000
14/09/2007 09:00,    1431.000
15/09/2007 09:00,    1421.000
16/09/2007 09:00,    1421.000
17/09/2007 09:00,    1417.000
18/09/2007 09:00,    1417.000
19/09/2007 09:00,    1417.000
20/09/2007 09:00,    1417.000
21/09/2007 09:00,    1416.000
22/09/2007 09:00,    1282.000
23/09/2007 09:00,    1279.000
24/09/2007 09:00,    1411.000
25/09/2007 09:00,    1683.000
26/09/2007 09:00,    1677.000
27/09/2007 09:00,    2069.000
28/09/2007 09:00,    2063.000
29/09/2007 09:00,    1804.000
30/09/2007 09:00,    1268.000
01/10/2007 09:00,    2054.000
02/10/2007 09:00,    2185.000
03/10/2007 09:00,    2177.000
04/10/2007 09:00,    2041.000
05/10/2007 09:00,    2037.000
06/10/2007 09:00,    2031.000
07/10/2007 09:00,    2026.000
08/10/2007 09:00,    2022.000
09/10/2007 09:00,    2022.000
10/10/2007 09:00,    2020.000
11/10/2007 09:00,    2012.000
12/10/2007 09:00,    2003.000
13/10/2007 09:00,    2004.000
14/10/2007 09:00,    2001.000
15/10/2007 09:00,    2252.000
16/10/2007 09:00,    2243.000
17/10/2007 09:00,    1991.000
18/10/2007 09:00,    2111.000
19/10/2007 09:00,    2223.000
20/10/2007 09:00,    2221.000
21/10/2007 09:00,    2340.000
22/10/2007 09:00,    2337.000
23/10/2007 09:00,    2335.000
24/10/2007 09:00,    2323.000
25/10/2007 09:00,    2316.000
26/10/2007 09:00,    2557.000
27/10/2007 09:00,    2546.000
28/10/2007 09:00,    2311.000
29/10/2007 09:00,    1940.000
30/10/2007 09:00,    2056.000
31/10/2007 09:00,    2164.000
01/11/2007 09:00,    2953.000
02/11/2007 09:00,    2489.000
03/11/2007 09:00,    2602.000
04/11/2007 09:00,    2240.000
05/11/2007 09:00,    2233.000
06/11/2007 09:00,    1991.000
07/11/2007 09:00,    1521.000
08/11/2007 09:00,    1040.000
09/11/2007 09:00,    1529.000
10/11/2007 09:00,    1993.000
11/11/2007 09:00,    2225.000
12/11/2007 09:00,    2335.000
13/11/2007 09:00,    2450.000
14/11/2007 09:00,    2444.000
15/11/2007 09:00,    2439.000
16/11/2007 09:00,    2433.000
17/11/2007 09:00,    2422.000
18/11/2007 09:00,    2413.000
19/11/2007 09:00,    2187.000
20/11/2007 09:00,    2626.000
21/11/2007 09:00,    2396.000
22/11/2007 09:00,    2282.000
23/11/2007 09:00,    2385.000
24/11/2007 09:00,    2486.000
25/11/2007 09:00,    2263.000
26/11/2007 09:00,    2379.000
27/11/2007 09:00,    2373.000
28/11/2007 09:00,    2367.000
29/11/2007 09:00,    2373.000
30/11/2007 09:00,    2591.000
01/12/2007 09:00,    2585.000
02/12/2007 09:00,    2588.000
03/12/2007 09:00,    2578.000
04/12/2007 09:00,    2585.000
05/12/2007 09:00,    2777.000
06/12/2007 09:00,    2669.000
07/12/2007 09:00,    2658.000
08/12/2007 09:00,    2655.000
09/12/2007 09:00,    2756.000
10/12/2007 09:00,    2536.000
11/12/2007 09:00,    2430.000
12/12/2007 09:00,    2731.000
13/12/2007 09:00,    2520.000
14/12/2007 09:00,    2086.000
15/12/2007 09:00,    2190.000
16/12/2007 09:00,    2187.000
17/12/2007 09:00,    2393.000
18/12/2007 09:00,    2393.000
19/12/2007 09:00,    2070.000
20/12/2007 09:00,    1749.000
21/12/2007 09:00,    1419.000
22/12/2007 09:00,    1413.000
23/12/2007 09:00,    1184.000
24/12/2007 09:00,    1622.000
25/12/2007 09:00,    1403.000
26/12/2007 09:00,    1403.000
27/12/2007 09:00,    1182.000
28/12/2007 09:00,     997.000
29/12/2007 09:00,    1189.000
30/12/2007 09:00,    1626.000
31/12/2007 09:00,    1833.000
01/01/2008 09:00,    2043.000
02/01/2008 09:00,    2236.000
03/01/2008 09:00,    2415.000
04/01/2008 09:00,    2518.000
05/01/2008 09:00,    2511.000
06/01/2008 09:00,    2296.000
07/01/2008 09:00,    1985.000
08/01/2008 09:00,    2279.000
09/01/2008 09:00,    2272.000
10/01/2008 09:00,    1672.000
11/01/2008 09:00,    2180.000
12/01/2008 09:00,    2742.000
13/01/2008 09:00,    3002.000
14/01/2008 09:00,    3075.000
15/01/2008 09:00,    3232.000
16/01/2008 09:00,    3204.000
17/01/2008 09:00,    3188.000
18/01/2008 09:00,    3035.000
19/01/2008 09:00,    2999.000
20/01/2008 09:00,    2464.000
21/01/2008 09:00,    2270.000
22/01/2008 09:00,    2377.000
23/01/2008 09:00,    2381.000
24/01/2008 09:00,    2842.000
25/01/2008 09:00,    2584.000
26/01/2008 09:00,    2496.000
27/01/2008 09:00,    2106.000
28/01/2008 09:00,     467.000
29/01/2008 09:00,     463.000
30/01/2008 09:00,     795.000
31/01/2008 09:00,     466.000
01/02/2008 09:00,    2145.000
02/02/2008 09:00,    2912.000
03/02/2008 09:00,    3264.000
04/02/2008 09:00,    3547.000
05/02/2008 09:00,    3541.000
06/02/2008 09:00,    3253.000
07/02/2008 09:00,    3432.000
08/02/2008 09:00,    3026.000
09/02/2008 09:00,    2669.000
10/02/2008 09:00,    2202.000
11/02/2008 09:00,    2319.000
12/02/2008 09:00,    2021.000
13/02/2008 09:00,    2021.000
14/02/2008 09:00,    1939.000
15/02/2008 09:00,    1300.000
16/02/2008 09:00,     613.000
17/02/2008 09:00,     732.000
18/02/2008 09:00,     733.000
19/02/2008 09:00,     735.000
20/02/2008 09:00,     853.000
21/02/2008 09:00,     964.000
22/02/2008 09:00,     734.000
23/02/2008 09:00,     614.000
24/02/2008 09:00,     734.000
25/02/2008 09:00,     966.000
26/02/2008 09:00,     966.000
27/02/2008 09:00,    1078.000
28/02/2008 09:00,    1078.000
29/02/2008 09:00,     848.000
01/03/2008 09:00,    2456.000
02/03/2008 09:00,    1419.000
03/03/2008 09:00,    1419.000
04/03/2008 09:00,    1633.000
05/03/2008 09:00,     962.000
06/03/2008 09:00,     961.000
07/03/2008 09:00,     961.000
08/03/2008 09:00,    1828.000
09/03/2008 09:00,    1608.000
10/03/2008 09:00,    1820.000
11/03/2008 09:00,    1818.000
12/03/2008 09:00,    2015.000
13/03/2008 09:00,    1816.000
14/03/2008 09:00,    2202.000
15/03/2008 09:00,    2489.000
16/03/2008 09:00,    2751.000
17/03/2008 09:00,    2734.000
18/03/2008 09:00,    2725.000
19/03/2008 09:00,    2704.000
20/03/2008 09:00,    2584.000
21/03/2008 09:00,    2500.000
22/03/2008 09:00,    2488.000
23/03/2008 09:00,    2476.000
24/03/2008 09:00,    2464.000
25/03/2008 09:00,    2244.000
26/03/2008 09:00,    2266.000
27/03/2008 09:00,    2248.000
28/03/2008 09:00,    2153.000
29/03/2008 09:00,    1486.000
30/03/2008 09:00,     680.000
31/03/2008 09:00,     680.000
01/04/2008 09:00,     789.000
02/04/2008 09:00,     894.000
03/04/2008 09:00,     989.000
04/04/2008 09:00,     988.000
05/04/2008 09:00,     779.000
06/04/2008 09:00,     779.000
07/04/2008 09:00,     776.000
08/04/2008 09:00,     561.000
09/04/2008 09:00,     564.000
10/04/2008 09:00,     679.000
11/04/2008 09:00,    1291.000
12/04/2008 09:00,     885.000
13/04/2008 09:00,     883.000
14/04/2008 09:00,     679.000
15/04/2008 09:00,     885.000
16/04/2008 09:00,     882.000
17/04/2008 09:00,     885.000
18/04/2008 09:00,     882.000
19/04/2008 09:00,     673.000
20/04/2008 09:00,     883.000
21/04/2008 09:00,    1085.000
22/04/2008 09:00,    1183.000
23/04/2008 09:00,    1084.000
24/04/2008 09:00,    1079.000
25/04/2008 09:00,    1076.000
26/04/2008 09:00,    1076.000
27/04/2008 09:00,     872.000
28/04/2008 09:00,     872.000
29/04/2008 09:00,     766.000
30/04/2008 09:00,     767.000
01/05/2008 09:00,     660.000
02/05/2008 09:00,     662.000
03/05/2008 09:00,     661.000
04/05/2008 09:00,     554.000
05/05/2008 09:00,     446.000
06/05/2008 09:00,     445.000
07/05/2008 09:00,     447.000
08/05/2008 09:00,     448.000
09/05/2008 09:00,     555.000
10/05/2008 09:00,     663.000
11/05/2008 09:00,     663.000
12/05/2008 09:00,     664.000
13/05/2008 09:00,     872.000
14/05/2008 09:00,    1166.000
15/05/2008 09:00,    1166.000
16/05/2008 09:00,     872.000
17/05/2008 09:00,     868.000
18/05/2008 09:00,     770.000
19/05/2008 09:00,     769.000
20/05/2008 09:00,     771.000
21/05/2008 09:00,     770.000
22/05/2008 09:00,     770.000
23/05/2008 09:00,     772.000
24/05/2008 09:00,     772.000
25/05/2008 09:00,     875.000
26/05/2008 09:00,     875.000
27/05/2008 09:00,     875.000
28/05/2008 09:00,     771.000
29/05/2008 09:00,     771.000
30/05/2008 09:00,     562.000
31/05/2008 09:00,     560.000
01/06/2008 09:00,     666.000
02/06/2008 09:00,     668.000
03/06/2008 09:00,    1071.000
04/06/2008 09:00,    1071.000
05/06/2008 09:00,    1068.000
06/06/2008 09:00,     867.000
07/06/2008 09:00,     665.000
08/06/2008 09:00,     665.000
09/06/2008 09:00,     770.000
10/06/2008 09:00,     773.000
11/06/2008 09:00,     668.000
12/06/2008 09:00,     453.000
13/06/2008 09:00,     454.000
14/06/2008 09:00,     455.000
15/06/2008 09:00,     458.000
16/06/2008 09:00,     349.000
17/06/2008 09:00,     345.000
18/06/2008 09:00,    3978.000
19/06/2008 09:00,       0.000
20/06/2008 09:00,       0.000
21/06/2008 09:00,       0.000
22/06/2008 09:00,       0.000
23/06/2008 09:00,       0.000
24/06/2008 09:00,     241.000
25/06/2008 09:00,     910.000
26/06/2008 09:00,     910.000
27/06/2008 09:00,     908.000
28/06/2008 09:00,     909.000
29/06/2008 09:00,    1041.000
30/06/2008 09:00,    1017.000
01/07/2008 09:00,    1010.000
02/07/2008 09:00,     908.000
03/07/2008 09:00,     907.000
04/07/2008 09:00,     907.000
05/07/2008 09:00,     804.000
06/07/2008 09:00,     801.000
07/07/2008 09:00,    1008.000
08/07/2008 09:00,     905.000
09/07/2008 09:00,     693.000
10/07/2008 09:00,     693.000
11/07/2008 09:00,     803.000
12/07/2008 09:00,     803.000
13/07/2008 09:00,     909.000
14/07/2008 09:00,    1124.000
15/07/2008 09:00,    1121.000
16/07/2008 09:00,    1124.000
17/07/2008 09:00,    1121.000
18/07/2008 09:00,    1123.000
19/07/2008 09:00,     697.000
20/07/2008 09:00,     914.000
21/07/2008 09:00,     913.000
22/07/2008 09:00,     911.000
23/07/2008 09:00,    1017.000
24/07/2008 09:00,     583.000
25/07/2008 09:00,     584.000
26/07/2008 09:00,     473.000
27/07/2008 09:00,     474.000
28/07/2008 09:00,     586.000
29/07/2008 09:00,     533.000
30/07/2008 09:00,     534.000
31/07/2008 09:00,     535.000
01/08/2008 09:00,     537.000
02/08/2008 09:00,     928.000
03/08/2008 09:00,    1250.000
04/08/2008 09:00,    1548.000
05/08/2008 09:00,    1747.000
06/08/2008 09:00,    1936.000
07/08/2008 09:00,    1925.000
08/08/2008 09:00,    1742.000
09/08/2008 09:00,    1834.000
10/08/2008 09:00,    1928.000
11/08/2008 09:00,    1810.000
12/08/2008 09:00,    1724.000
13/08/2008 09:00,    1716.000
14/08/2008 09:00,    1127.000
15/08/2008 09:00,    1126.000
16/08/2008 09:00,    1228.000
17/08/2008 09:00,    1228.000
18/08/2008 09:00,    1325.000
19/08/2008 09:00,    1126.000
20/08/2008 09:00,    1017.000
21/08/2008 09:00,     802.000
22/08/2008 09:00,     798.000
23/08/2008 09:00,     802.000
24/08/2008 09:00,     804.000
25/08/2008 09:00,     804.000
26/08/2008 09:00,     805.000
27/08/2008 09:00,     804.000
28/08/2008 09:00,     806.000
29/08/2008 09:00,     805.000
30/08/2008 09:00,     807.000
31/08/2008 09:00,     809.000
01/09/2008 09:00,     583.000
02/09/2008 09:00,     701.000
03/09/2008 09:00,    1024.000
04/09/2008 09:00,    1025.000
05/09/2008 09:00,     920.000
06/09/2008 09:00,     925.000
07/09/2008 09:00,     925.000
08/09/2008 09:00,     925.000
09/09/2008 09:00,    1343.000
10/09/2008 09:00,    1298.000
11/09/2008 09:00,    1298.000
12/09/2008 09:00,    1087.000
13/09/2008 09:00,    1085.000
14/09/2008 09:00,    1035.000
15/09/2008 09:00,    1036.000
16/09/2008 09:00,    1240.000
17/09/2008 09:00,    1136.000
18/09/2008 09:00,    1139.000
19/09/2008 09:00,    1343.000
20/09/2008 09:00,    1336.000
21/09/2008 09:00,    1238.000
22/09/2008 09:00,    1332.000
23/09/2008 09:00,    1327.000
24/09/2008 09:00,    1279.000
25/09/2008 09:00,    1376.000
26/09/2008 09:00,    1323.000
27/09/2008 09:00,    1818.000
28/09/2008 09:00,    1810.000
29/09/2008 09:00,    1810.000
30/09/2008 09:00,    2018.000
01/10/2008 09:00,    2022.000
02/10/2008 09:00,    2189.000
03/10/2008 09:00,    2188.000
04/10/2008 09:00,    2179.000
05/10/2008 09:00,    2171.000
06/10/2008 09:00,    2192.000
07/10/2008 09:00,    2149.000
08/10/2008 09:00,    2138.000
09/10/2008 09:00,    2134.000
10/10/2008 09:00,    2169.000
11/10/2008 09:00,    2169.000
12/10/2008 09:00,    2173.000
13/10/2008 09:00,    2239.000
14/10/2008 09:00,    2315.000
15/10/2008 09:00,    2380.000
16/10/2008 09:00,    2223.000
17/10/2008 09:00,    2376.000
18/10/2008 09:00,    2227.000
19/10/2008 09:00,    2157.000
20/10/2008 09:00,    2279.000
21/10/2008 09:00,    2227.000
22/10/2008 09:00,    2376.000
23/10/2008 09:00,    2294.000
24/10/2008 09:00,    2461.000
25/10/2008 09:00,    2443.000
26/10/2008 09:00,    2215.000
27/10/2008 09:00,    2358.000
28/10/2008 09:00,    2289.000
29/10/2008 09:00,    2276.000
30/10/2008 09:00,    2339.000
31/10/2008 09:00,    2326.000
01/11/2008 09:00,    2482.000
02/11/2008 09:00,    2482.000
03/11/2008 09:00,    2461.000
04/11/2008 09:00,    2385.000
05/11/2008 09:00,    2431.000
06/11/2008 09:00,    2416.000
07/11/2008 09:00,    2312.000
08/11/2008 09:00,    2316.000
09/11/2008 09:00,    2071.000
10/11/2008 09:00,    2246.000
11/11/2008 09:00,    2298.000
12/11/2008 09:00,    2268.000
13/11/2008 09:00,    2276.000
14/11/2008 09:00,    2414.000
15/11/2008 09:00,    2353.000
16/11/2008 09:00,    2568.000
17/11/2008 09:00,    2579.000
18/11/2008 09:00,    2385.000
19/11/2008 09:00,    2457.000
20/11/2008 09:00,    2461.000
21/11/2008 09:00,    2307.000
22/11/2008 09:00,    2294.000
23/11/2008 09:00,    2235.000
24/11/2008 09:00,    2243.000
25/11/2008 09:00,    2251.000
26/11/2008 09:00,    2349.000
27/11/2008 09:00,    2275.000
28/11/2008 09:00,    2283.000
29/11/2008 09:00,    2311.000
30/11/2008 09:00,    2054.000
01/12/2008 09:00,    2327.000
02/12/2008 09:00,    2064.000
03/12/2008 09:00,    1788.000
04/12/2008 09:00,    1499.000
05/12/2008 09:00,    1107.000
06/12/2008 09:00,    1107.000
07/12/2008 09:00,    1110.000
08/12/2008 09:00,    1003.000
09/12/2008 09:00,    1218.000
10/12/2008 09:00,    1002.000
11/12/2008 09:00,     901.000
12/12/2008 09:00,    1226.000
13/12/2008 09:00,    1009.000
14/12/2008 09:00,     578.000
15/12/2008 09:00,     807.000
16/12/2008 09:00,     922.000
17/12/2008 09:00,     809.000
18/12/2008 09:00,     646.000
19/12/2008 09:00,     649.000
20/12/2008 09:00,    1159.000
21/12/2008 09:00,    1275.000
22/12/2008 09:00,    1383.000
23/12/2008 09:00,    1392.000
24/12/2008 09:00,    2018.000
25/12/2008 09:00,    1589.000
26/12/2008 09:00,    1599.000
27/12/2008 09:00,     949.000
28/12/2008 09:00,     721.000
29/12/2008 09:00,     484.000
30/12/2008 09:00,     605.000
31/12/2008 09:00,     721.000
01/01/2009 09:00,     952.000
02/01/2009 09:00,     950.000
03/01/2009 09:00,    1173.000
04/01/2009 09:00,    1178.000
05/01/2009 09:00,    1510.000
06/01/2009 09:00,    1510.000
07/01/2009 09:00,    1929.000
08/01/2009 09:00,    2332.000
09/01/2009 09:00,    1908.000
10/01/2009 09:00,    1168.000
11/01/2009 09:00,    1055.000
12/01/2009 09:00,    1053.000
13/01/2009 09:00,    1273.000
14/01/2009 09:00,    1695.000
15/01/2009 09:00,    2180.000
16/01/2009 09:00,    2665.000
17/01/2009 09:00,    3178.000
18/01/2009 09:00,    3080.000
19/01/2009 09:00,    3070.000
20/01/2009 09:00,    3327.000
21/01/2009 09:00,    3321.000
22/01/2009 09:00,    3462.000
23/01/2009 09:00,    3420.000
24/01/2009 09:00,    3383.000
25/01/2009 09:00,    3370.000
26/01/2009 09:00,    3339.000
27/01/2009 09:00,    3326.000
28/01/2009 09:00,    3456.000
29/01/2009 09:00,    3428.000
30/01/2009 09:00,    3401.000
31/01/2009 09:00,    3771.000
01/02/2009 09:00,    3596.000
02/02/2009 09:00,    3556.000
03/02/2009 09:00,    3584.000
04/02/2009 09:00,    3958.000
05/02/2009 09:00,    3954.000
06/02/2009 09:00,    3897.000
07/02/2009 09:00,    3816.000
08/02/2009 09:00,    3827.000
09/02/2009 09:00,    3745.000
10/02/2009 09:00,    3724.000
11/02/2009 09:00,    3825.000
12/02/2009 09:00,    3655.000
13/02/2009 09:00,    3655.000
14/02/2009 09:00,    3542.000
15/02/2009 09:00,    3474.000
16/02/2009 09:00,    3359.000
17/02/2009 09:00,    3331.000
18/02/2009 09:00,    2251.000
19/02/2009 09:00,    2418.000
20/02/2009 09:00,    1888.000
21/02/2009 09:00,    1888.000
22/02/2009 09:00,    1989.000
23/02/2009 09:00,    1912.000
24/02/2009 09:00,    2058.000
25/02/2009 09:00,    2095.000
26/02/2009 09:00,    1906.000
27/02/2009 09:00,    1272.000
28/02/2009 09:00,     992.000
01/03/2009 09:00,     845.000
02/03/2009 09:00,     997.000
03/03/2009 09:00,    1275.000
04/03/2009 09:00,    1020.000
05/03/2009 09:00,     875.000
06/03/2009 09:00,     839.000
07/03/2009 09:00,     835.000
08/03/2009 09:00,     523.000
09/03/2009 09:00,     607.000
10/03/2009 09:00,     761.000
11/03/2009 09:00,     686.000
12/03/2009 09:00,     601.000
13/03/2009 09:00,     527.000
14/03/2009 09:00,     531.000
15/03/2009 09:00,     533.000
16/03/2009 09:00,     700.000
17/03/2009 09:00,     780.000
18/03/2009 09:00,     941.000
19/03/2009 09:00,     943.000
20/03/2009 09:00,     615.000
21/03/2009 09:00,     536.000
22/03/2009 09:00,     446.000
23/03/2009 09:00,     451.000
24/03/2009 09:00,     789.000
25/03/2009 09:00,     706.000
26/03/2009 09:00,     539.000
27/03/2009 09:00,     630.000
28/03/2009 09:00,     956.000
29/03/2009 09:00,     958.000
30/03/2009 09:00,     956.000
31/03/2009 09:00,    1249.000
01/04/2009 09:00,     963.000
02/04/2009 09:00,     469.000
03/04/2009 09:00,     472.000
04/04/2009 09:00,     289.000
05/04/2009 09:00,     651.000
06/04/2009 09:00,     650.000
07/04/2009 09:00,    1048.000
08/04/2009 09:00,     975.000
09/04/2009 09:00,     891.000
10/04/2009 09:00,    1480.000
11/04/2009 09:00,    1203.000
12/04/2009 09:00,    1469.000
13/04/2009 09:00,    1465.000
14/04/2009 09:00,    1458.000
15/04/2009 09:00,    1031.000
16/04/2009 09:00,     869.000
17/04/2009 09:00,     943.000
18/04/2009 09:00,     941.000
19/04/2009 09:00,    1014.000
20/04/2009 09:00,    1154.000
21/04/2009 09:00,    1469.000
22/04/2009 09:00,    1762.000
23/04/2009 09:00,    1976.000
24/04/2009 09:00,    1965.000
25/04/2009 09:00,    1948.000
26/04/2009 09:00,    1748.000
27/04/2009 09:00,    1450.000
28/04/2009 09:00,    1107.000
29/04/2009 09:00,     831.000
30/04/2009 09:00,     691.000
01/05/2009 09:00,     356.000
02/05/2009 09:00,     360.000
03/05/2009 09:00,     356.000
04/05/2009 09:00,     361.000
05/05/2009 09:00,     274.000
06/05/2009 09:00,     275.000
07/05/2009 09:00,     273.000
08/05/2009 09:00,     273.000
09/05/2009 09:00,     275.000
10/05/2009 09:00,     274.000
11/05/2009 09:00,     450.000
12/05/2009 09:00,     531.000
13/05/2009 09:00,     445.000
14/05/2009 09:00,     448.000
15/05/2009 09:00,     362.000
16/05/2009 09:00,     360.000
17/05/2009 09:00,     364.000
18/05/2009 09:00,     364.000
19/05/2009 09:00,     364.000
20/05/2009 09:00,     448.000
21/05/2009 09:00,     447.000
22/05/2009 09:00,     447.000
23/05/2009 09:00,     363.000
24/05/2009 09:00,     536.000
25/05/2009 09:00,     766.000
26/05/2009 09:00,     446.000
27/05/2009 09:00,     450.000
28/05/2009 09:00,     772.000
29/05/2009 09:00,     697.000
30/05/2009 09:00,    1004.000
31/05/2009 09:00,    1274.000
01/06/2009 09:00,    1274.000
02/06/2009 09:00,    1299.000
03/06/2009 09:00,    1303.000
04/06/2009 09:00,     875.000
05/06/2009 09:00,     800.000
06/06/2009 09:00,     652.000
07/06/2009 09:00,     820.000
08/06/2009 09:00,     744.000
09/06/2009 09:00,     919.000
10/06/2009 09:00,     837.000
11/06/2009 09:00,     844.000
12/06/2009 09:00,     850.000
13/06/2009 09:00,     855.000
14/06/2009 09:00,     866.000
15/06/2009 09:00,     777.000
16/06/2009 09:00,     598.000
17/06/2009 09:00,     697.000
18/06/2009 09:00,     700.000
19/06/2009 09:00,     706.000
20/06/2009 09:00,     811.000
21/06/2009 09:00,     812.000
22/06/2009 09:00,     815.000
23/06/2009 09:00,     820.000
24/06/2009 09:00,     918.000
25/06/2009 09:00,     923.000
26/06/2009 09:00,     929.000
27/06/2009 09:00,     833.000
28/06/2009 09:00,     741.000
29/06/2009 09:00,     850.000
30/06/2009 09:00,     852.000
01/07/2009 09:00,     751.000
02/07/2009 09:00,     646.000
03/07/2009 09:00,     646.000
04/07/2009 09:00,     543.000
05/07/2009 09:00,     645.000
06/07/2009 09:00,     545.000
07/07/2009 09:00,     753.000
08/07/2009 09:00,     652.000
09/07/2009 09:00,     550.000
10/07/2009 09:00,     550.000
11/07/2009 09:00,     657.000
12/07/2009 09:00,     659.000
13/07/2009 09:00,     554.000
14/07/2009 09:00,     556.000
15/07/2009 09:00,     556.000
16/07/2009 09:00,     558.000
17/07/2009 09:00,     557.000
18/07/2009 09:00,     557.000
19/07/2009 09:00,     561.000
20/07/2009 09:00,     563.000
21/07/2009 09:00,     670.000
22/07/2009 09:00,     672.000
23/07/2009 09:00,     674.000
24/07/2009 09:00,     675.000
25/07/2009 09:00,     679.000
26/07/2009 09:00,     567.000
27/07/2009 09:00,     571.000
28/07/2009 09:00,     462.000
29/07/2009 09:00,     465.000
30/07/2009 09:00,     579.000
31/07/2009 09:00,     798.000
01/08/2009 09:00,     691.000
02/08/2009 09:00,     685.000
03/08/2009 09:00,     685.000
04/08/2009 09:00,     801.000
05/08/2009 09:00,     692.000
06/08/2009 09:00,     580.000
07/08/2009 09:00,     581.000
08/08/2009 09:00,     469.000
09/08/2009 09:00,     471.000
10/08/2009 09:00,     471.000
11/08/2009 09:00,     469.000
12/08/2009 09:00,     469.000
13/08/2009 09:00,     470.000
14/08/2009 09:00,     471.000
15/08/2009 09:00,     695.000
16/08/2009 09:00,     694.000
17/08/2009 09:00,     585.000
18/08/2009 09:00,     585.000
19/08/2009 09:00,     693.000
20/08/2009 09:00,     689.000
21/08/2009 09:00,     684.000
22/08/2009 09:00,     470.000
23/08/2009 09:00,     692.000
24/08/2009 09:00,     693.000
25/08/2009 09:00,     695.000
26/08/2009 09:00,     899.000
27/08/2009 09:00,     902.000
28/08/2009 09:00,     903.000
29/08/2009 09:00,     902.000
30/08/2009 09:00,     465.000
31/08/2009 09:00,     351.000
01/09/2009 09:00,     351.000
02/09/2009 09:00,     461.000
03/09/2009 09:00,     462.000
04/09/2009 09:00,     461.000
05/09/2009 09:00,     462.000
06/09/2009 09:00,     462.000
07/09/2009 09:00,     682.000
08/09/2009 09:00,     788.000
09/09/2009 09:00,     788.000
10/09/2009 09:00,     674.000
11/09/2009 09:00,     894.000
12/09/2009 09:00,     889.000
13/09/2009 09:00,     782.000
14/09/2009 09:00,     889.000
15/09/2009 09:00,    1096.000
16/09/2009 09:00,    1092.000
17/09/2009 09:00,    1088.000
18/09/2009 09:00,     989.000
19/09/2009 09:00,     786.000
20/09/2009 09:00,     888.000
21/09/2009 09:00,     887.000
22/09/2009 09:00,     889.000
23/09/2009 09:00,     453.000
24/09/2009 09:00,     575.000
25/09/2009 09:00,     683.000
26/09/2009 09:00,     684.000
27/09/2009 09:00,     685.000
28/09/2009 09:00,     800.000
29/09/2009 09:00,     903.000
30/09/2009 09:00,    1107.000
01/10/2009 09:00,     897.000
02/10/2009 09:00,     897.000
03/10/2009 09:00,     684.000
04/10/2009 09:00,     686.000
05/10/2009 09:00,     690.000
06/10/2009 09:00,     464.000
07/10/2009 09:00,     456.000
08/10/2009 09:00,     456.000
09/10/2009 09:00,     356.000
10/10/2009 09:00,     472.000
11/10/2009 09:00,     582.000
12/10/2009 09:00,     810.000
13/10/2009 09:00,    1043.000
14/10/2009 09:00,    1148.000
15/10/2009 09:00,    1039.000
16/10/2009 09:00,    1257.000
17/10/2009 09:00,    1046.000
18/10/2009 09:00,     824.000
19/10/2009 09:00,     600.000
20/10/2009 09:00,     484.000
21/10/2009 09:00,     491.000
22/10/2009 09:00,     840.000
23/10/2009 09:00,     833.000
24/10/2009 09:00,     849.000
25/10/2009 09:00,     850.000
26/10/2009 09:00,     968.000
27/10/2009 09:00,    1751.000
28/10/2009 09:00,    1985.000
29/10/2009 09:00,    1977.000
30/10/2009 09:00,    1765.000
31/10/2009 09:00,    1775.000
01/11/2009 09:00,    1878.000
02/11/2009 09:00,    1977.000
03/11/2009 09:00,    2294.000
04/11/2009 09:00,    2582.000
05/11/2009 09:00,    2665.000
06/11/2009 09:00,    2432.000
07/11/2009 09:00,    2032.000
08/11/2009 09:00,    1722.000
09/11/2009 09:00,    1924.000
10/11/2009 09:00,    2909.000
11/11/2009 09:00,    2789.000
12/11/2009 09:00,    3239.000
13/11/2009 09:00,    3054.000
14/11/2009 09:00,    3219.000
15/11/2009 09:00,    3110.000
16/11/2009 09:00,    3095.000
17/11/2009 09:00,    3080.000
18/11/2009 09:00,    2512.000
19/11/2009 09:00,    2484.000
20/11/2009 09:00,    2032.000
21/11/2009 09:00,    2218.000
22/11/2009 09:00,    2362.000
23/11/2009 09:00,    1928.000
24/11/2009 09:00,     902.000
25/11/2009 09:00,    1310.000
26/11/2009 09:00,     570.000
27/11/2009 09:00,     572.000
28/11/2009 09:00,     462.000
29/11/2009 09:00,     573.000
30/11/2009 09:00,    1013.000
01/12/2009 09:00,     913.000
02/12/2009 09:00,     916.000
03/12/2009 09:00,     921.000
04/12/2009 09:00,    1027.000
05/12/2009 09:00,    1248.000
06/12/2009 09:00,    1144.000
07/12/2009 09:00,    1144.000
08/12/2009 09:00,    1148.000
09/12/2009 09:00,    1040.000
10/12/2009 09:00,     932.000
11/12/2009 09:00,     935.000
12/12/2009 09:00,     936.000
13/12/2009 09:00,     939.000
14/12/2009 09:00,    1382.000
15/12/2009 09:00,    1389.000
16/12/2009 09:00,    1063.000
17/12/2009 09:00,    1390.000
18/12/2009 09:00,    1281.000
19/12/2009 09:00,    1171.000
20/12/2009 09:00,     946.000
21/12/2009 09:00,     949.000
22/12/2009 09:00,     949.000
23/12/2009 09:00,    1175.000
24/12/2009 09:00,    1175.000
25/12/2009 09:00,    1390.000
26/12/2009 09:00,    1385.000
27/12/2009 09:00,    1380.000
28/12/2009 09:00,     824.000
29/12/2009 09:00,     428.000
30/12/2009 09:00,    1051.000
31/12/2009 09:00,    1270.000
01/01/2010 09:00,    1266.000
02/01/2010 09:00,    1691.000
03/01/2010 09:00,    1893.000
04/01/2010 09:00,    1979.000
05/01/2010 09:00,    1973.000
06/01/2010 09:00,    1861.000
07/01/2010 09:00,    1861.000
08/01/2010 09:00,    1959.000
09/01/2010 09:00,    1853.000
10/01/2010 09:00,    1853.000
11/01/2010 09:00,    1856.000
12/01/2010 09:00,    1753.000
13/01/2010 09:00,    2321.000
14/01/2010 09:00,    2317.000
15/01/2010 09:00,    2313.000
16/01/2010 09:00,    2016.000
17/01/2010 09:00,    2013.000
18/01/2010 09:00,    2201.000
19/01/2010 09:00,    2385.000
20/01/2010 09:00,    2464.000
21/01/2010 09:00,    2464.000
22/01/2010 09:00,    3056.000
23/01/2010 09:00,    3345.000
24/01/2010 09:00,    3510.000
25/01/2010 09:00,    3591.000
26/01/2010 09:00,    3542.000
27/01/2010 09:00,    3661.000
28/01/2010 09:00,    3654.000
29/01/2010 09:00,    4331.000
30/01/2010 09:00,    4205.000
31/01/2010 09:00,    4037.000
01/02/2010 09:00,    3878.000
02/02/2010 09:00,    3830.000
03/02/2010 09:00,    2905.000
04/02/2010 09:00,    3061.000
05/02/2010 09:00,    2355.000
06/02/2010 09:00,    2447.000
07/02/2010 09:00,    2307.000
08/02/2010 09:00,    2345.000
09/02/2010 09:00,    2349.000
10/02/2010 09:00,    2188.000
11/02/2010 09:00,    2233.000
12/02/2010 09:00,    2244.000
13/02/2010 09:00,    2259.000
14/02/2010 09:00,    2080.000
15/02/2010 09:00,    1995.000
16/02/2010 09:00,    2292.000
17/02/2010 09:00,    2026.000
18/02/2010 09:00,    2044.000
19/02/2010 09:00,    2259.000
20/02/2010 09:00,    2463.000
21/02/2010 09:00,    2478.000
22/02/2010 09:00,    2312.000
23/02/2010 09:00,     923.000
24/02/2010 09:00,    1150.000
25/02/2010 09:00,     584.000
26/02/2010 09:00,     236.000
27/02/2010 09:00,     238.000
28/02/2010 09:00,     238.000
01/03/2010 09:00,     239.000
02/03/2010 09:00,     242.000
03/03/2010 09:00,     244.000
04/03/2010 09:00,     246.000
05/03/2010 09:00,     247.000
06/03/2010 09:00,     247.000
07/03/2010 09:00,     249.000
08/03/2010 09:00,     250.000
09/03/2010 09:00,     251.000
10/03/2010 09:00,     253.000
11/03/2010 09:00,     255.000
12/03/2010 09:00,     260.000
13/03/2010 09:00,     786.000
14/03/2010 09:00,     269.000
15/03/2010 09:00,    1031.000
16/03/2010 09:00,    1334.000
17/03/2010 09:00,    1842.000
18/03/2010 09:00,    2132.000
19/03/2010 09:00,    3123.000
20/03/2010 09:00,    3355.000
21/03/2010 09:00,    4520.000
22/03/2010 09:00,    4911.000
23/03/2010 09:00,    4956.000
24/03/2010 09:00,    4870.000
25/03/2010 09:00,    4451.000
26/03/2010 09:00,    5402.000
27/03/2010 09:00,    4708.000
28/03/2010 09:00,    4826.000
29/03/2010 09:00,    5114.000
30/03/2010 09:00,    4880.000
31/03/2010 09:00,    4896.000
01/04/2010 09:00,    3972.000
02/04/2010 09:00,    3856.000
03/04/2010 09:00,    3860.000
04/04/2010 09:00,    3860.000
05/04/2010 09:00,    3860.000
06/04/2010 09:00,    3852.000
07/04/2010 09:00,    3872.000
08/04/2010 09:00,    3868.000
09/04/2010 09:00,    3988.000
10/04/2010 09:00,    3373.000
11/04/2010 09:00,    3369.000
12/04/2010 09:00,    3250.000
13/04/2010 09:00,    3250.000
14/04/2010 09:00,    3359.000
15/04/2010 09:00,    3459.000
16/04/2010 09:00,    3580.000
17/04/2010 09:00,    3587.000
18/04/2010 09:00,    3572.000
19/04/2010 09:00,    3787.000
20/04/2010 09:00,    3523.000
21/04/2010 09:00,    3531.000
22/04/2010 09:00,    3519.000
23/04/2010 09:00,    3824.000
24/04/2010 09:00,    3721.000
25/04/2010 09:00,    3709.000
26/04/2010 09:00,    3692.000
27/04/2010 09:00,    3683.000
28/04/2010 09:00,    3671.000
29/04/2010 09:00,    3544.000
30/04/2010 09:00,    3745.000
01/05/2010 09:00,    2698.000
02/05/2010 09:00,    2020.000
03/05/2010 09:00,    2720.000
04/05/2010 09:00,    2827.000
05/05/2010 09:00,    2834.000
06/05/2010 09:00,    3045.000
07/05/2010 09:00,    4381.000
08/05/2010 09:00,    3130.000
09/05/2010 09:00,    2808.000
10/05/2010 09:00,    3454.000
11/05/2010 09:00,    3433.000
12/05/2010 09:00,    3420.000
13/05/2010 09:00,    3412.000
14/05/2010 09:00,    3070.000
15/05/2010 09:00,    3156.000
16/05/2010 09:00,    3360.000
17/05/2010 09:00,    3339.000
18/05/2010 09:00,    2915.000
19/05/2010 09:00,    2915.000
20/05/2010 09:00,    2886.000
21/05/2010 09:00,    3278.000
22/05/2010 09:00,    3260.000
23/05/2010 09:00,    3242.000
24/05/2010 09:00,    3336.000
25/05/2010 09:00,    4232.000
26/05/2010 09:00,    3483.000
27/05/2010 09:00,    3096.000
28/05/2010 09:00,    2282.000
29/05/2010 09:00,    2460.000
30/05/2010 09:00,    2449.000
31/05/2010 09:00,    1184.000
01/06/2010 09:00,     369.000
02/06/2010 09:00,     490.000
03/06/2010 09:00,     486.000
04/06/2010 09:00,     366.000
05/06/2010 09:00,     369.000
06/06/2010 09:00,     605.000
07/06/2010 09:00,     485.000
08/06/2010 09:00,     485.000
09/06/2010 09:00,     485.000
10/06/2010 09:00,     843.000
11/06/2010 09:00,     724.000
12/06/2010 09:00,     488.000
13/06/2010 09:00,     723.000
14/06/2010 09:00,     724.000
15/06/2010 09:00,     723.000
16/06/2010 09:00,     725.000
17/06/2010 09:00,     723.000
18/06/2010 09:00,    1403.000
19/06/2010 09:00,    1184.000
20/06/2010 09:00,    1182.000
21/06/2010 09:00,    1181.000
22/06/2010 09:00,    1181.000
23/06/2010 09:00,     838.000
24/06/2010 09:00,    1289.000
25/06/2010 09:00,    2357.000
26/06/2010 09:00,    2348.000
27/06/2010 09:00,    2139.000
28/06/2010 09:00,    1927.000
29/06/2010 09:00,    1718.000
30/06/2010 09:00,    1811.000
01/07/2010 09:00,    1808.000
02/07/2010 09:00,    1808.000
03/07/2010 09:00,    2001.000
04/07/2010 09:00,    1999.000
05/07/2010 09:00,    1794.000
06/07/2010 09:00,    1796.000
07/07/2010 09:00,    2861.000
08/07/2010 09:00,    1965.000
09/07/2010 09:00,    1563.000
10/07/2010 09:00,    1554.000
11/07/2010 09:00,    1769.000
12/07/2010 09:00,    1762.000
13/07/2010 09:00,     923.000
14/07/2010 09:00,    1548.000
15/07/2010 09:00,    1136.000
16/07/2010 09:00,     697.000
17/07/2010 09:00,     700.000
18/07/2010 09:00,     594.000
19/07/2010 09:00,     595.000
20/07/2010 09:00,     597.000
21/07/2010 09:00,     827.000
22/07/2010 09:00,     717.000
23/07/2010 09:00,     722.000
24/07/2010 09:00,    1069.000
25/07/2010 09:00,    1072.000
26/07/2010 09:00,     731.000
27/07/2010 09:00,     965.000
28/07/2010 09:00,    1202.000
29/07/2010 09:00,    1433.000
30/07/2010 09:00,    1209.000
31/07/2010 09:00,     971.000
01/08/2010 09:00,    2887.000
02/08/2010 09:00,    2037.000
03/08/2010 09:00,    3261.000
04/08/2010 09:00,    3453.000
05/08/2010 09:00,    2850.000
06/08/2010 09:00,    3061.000
07/08/2010 09:00,    3658.000
08/08/2010 09:00,    3614.000
09/08/2010 09:00,    3386.000
10/08/2010 09:00,    1614.000
11/08/2010 09:00,    2208.000
12/08/2010 09:00,    2221.000
13/08/2010 09:00,    2809.000
14/08/2010 09:00,    2668.000
15/08/2010 09:00,    2432.000
16/08/2010 09:00,    2422.000
17/08/2010 09:00,    2709.000
18/08/2010 09:00,    2721.000
19/08/2010 09:00,    2721.000
20/08/2010 09:00,    2721.000
21/08/2010 09:00,    2725.000
22/08/2010 09:00,    2522.000
23/08/2010 09:00,    2133.000
24/08/2010 09:00,    1495.000
25/08/2010 09:00,    1818.000
26/08/2010 09:00,    1172.000
27/08/2010 09:00,    1618.000
28/08/2010 09:00,    1667.000
29/08/2010 09:00,    1641.000
30/08/2010 09:00,     481.000
31/08/2010 09:00,     478.000
01/09/2010 09:00,     476.000
02/09/2010 09:00,     471.000
03/09/2010 09:00,     468.000
04/09/2010 09:00,     469.000
05/09/2010 09:00,     462.000
06/09/2010 09:00,     467.000
07/09/2010 09:00,     462.000
08/09/2010 09:00,     465.000
09/09/2010 09:00,     469.000
10/09/2010 09:00,     468.000
11/09/2010 09:00,     472.000
12/09/2010 09:00,     474.000
13/09/2010 09:00,     479.000
14/09/2010 09:00,     478.000
15/09/2010 09:00,     480.000
16/09/2010 09:00,     477.000
17/09/2010 09:00,     476.000
18/09/2010 09:00,     479.000
19/09/2010 09:00,     482.000
20/09/2010 09:00,     484.000
21/09/2010 09:00,     490.000
22/09/2010 09:00,     487.000
23/09/2010 09:00,     486.000
24/09/2010 09:00,     487.000
25/09/2010 09:00,     488.000
26/09/2010 09:00,     488.000
27/09/2010 09:00,     490.000
28/09/2010 09:00,     488.000
29/09/2010 09:00,     488.000
30/09/2010 09:00,     488.000
01/10/2010 09:00,    2856.000
02/10/2010 09:00,    2827.000
03/10/2010 09:00,    5020.000
04/10/2010 09:00,    6894.000
05/10/2010 09:00,    6768.000
06/10/2010 09:00,    4741.000
07/10/2010 09:00,    4696.000
08/10/2010 09:00,    5337.000
09/10/2010 09:00,    2297.000
10/10/2010 09:00,    2323.000
11/10/2010 09:00,    2332.000
12/10/2010 09:00,    2320.000
13/10/2010 09:00,    2338.000
14/10/2010 09:00,    2335.000
15/10/2010 09:00,    2335.000
16/10/2010 09:00,    1181.000
17/10/2010 09:00,    2344.000
18/10/2010 09:00,    2353.000
19/10/2010 09:00,    2347.000
20/10/2010 09:00,    3485.000
21/10/2010 09:00,    3494.000
22/10/2010 09:00,    3572.000
23/10/2010 09:00,    2620.000
24/10/2010 09:00,    4764.000
25/10/2010 09:00,    6447.000
26/10/2010 09:00,    6439.000
27/10/2010 09:00,    6528.000
28/10/2010 09:00,    6485.000
29/10/2010 09:00,    6399.000
30/10/2010 09:00,    6496.000
31/10/2010 09:00,    6431.000
01/11/2010 09:00,    5123.000
02/11/2010 09:00,    6484.000
03/11/2010 09:00,    6374.000
04/11/2010 09:00,    6344.000
05/11/2010 09:00,    3427.000
06/11/2010 09:00,    4464.000
07/11/2010 09:00,    4457.000
08/11/2010 09:00,    3417.000
09/11/2010 09:00,    2193.000
10/11/2010 09:00,     880.000
11/11/2010 09:00,    2597.000
12/11/2010 09:00,    2612.000
13/11/2010 09:00,    4271.000
14/11/2010 09:00,    4271.000
15/11/2010 09:00,    2597.000
16/11/2010 09:00,    5086.000
17/11/2010 09:00,    8093.000
18/11/2010 09:00,    8133.000
19/11/2010 09:00,    8133.000
20/11/2010 09:00,    8120.000
21/11/2010 09:00,    8310.000
22/11/2010 09:00,    7635.000
23/11/2010 09:00,    8315.000
24/11/2010 09:00,    8315.000
25/11/2010 09:00,    8022.000
26/11/2010 09:00,    7939.000
27/11/2010 09:00,    8141.000
28/11/2010 09:00,    8069.000
29/11/2010 09:00,    7850.000
30/11/2010 09:00,    7813.000
01/12/2010 09:00,    8101.000
02/12/2010 09:00,    6330.000
03/12/2010 09:00,    6219.000
04/12/2010 09:00,    7096.000
05/12/2010 09:00,    7852.000
06/12/2010 09:00,    7930.000
07/12/2010 09:00,    7751.000
08/12/2010 09:00,    7751.000
09/12/2010 09:00,    5617.000
10/12/2010 09:00,    3502.000
11/12/2010 09:00,    4032.000
12/12/2010 09:00,    4516.000
13/12/2010 09:00,    4974.000
14/12/2010 09:00,    6013.000
15/12/2010 09:00,    6904.000
16/12/2010 09:00,    7735.000
17/12/2010 09:00,    8152.000
18/12/2010 09:00,    7965.000
19/12/2010 09:00,    7771.000
20/12/2010 09:00,    7535.000
21/12/2010 09:00,    7423.000
22/12/2010 09:00,    6990.000
23/12/2010 09:00,    6449.000
24/12/2010 09:00,    6118.000
26/12/2010 09:00,    5178.000
27/12/2010 09:00,    4278.000
28/12/2010 09:00,    3876.000
29/12/2010 09:00,    2996.000
30/12/2010 09:00,    3026.000
31/12/2010 09:00,    2103.000
01/01/2011 09:00,    1234.000
02/01/2011 09:00,    1266.000
03/01/2011 09:00,    1258.000
04/01/2011 09:00,    1258.000
05/01/2011 09:00,    1274.000
06/01/2011 09:00,    1266.000
07/01/2011 09:00,    1266.000
08/01/2011 09:00,    1250.000
09/01/2011 09:00,    1218.000
10/01/2011 09:00,    1266.000
11/01/2011 09:00,    1193.000
12/01/2011 09:00,    1185.000
13/01/2011 09:00,    2551.000
14/01/2011 09:00,    1661.000
17/01/2011 09:00,       0.000
18/01/2011 09:00,       0.000
19/01/2011 09:00,       0.000
20/01/2011 09:00,       0.000
21/01/2011 09:00,       0.000
22/01/2011 09:00,       0.000
23/01/2011 09:00,       0.000
24/01/2011 09:00,       0.000
25/01/2011 09:00,       0.000
26/01/2011 09:00,       0.000
27/01/2011 09:00,       0.000
28/01/2011 09:00,       0.000
29/01/2011 09:00,       0.000
30/01/2011 09:00,       0.000
31/01/2011 09:00,       0.000
01/02/2011 09:00,       0.000
02/02/2011 09:00,       0.000
03/02/2011 09:00,       0.000
04/02/2011 09:00,    2584.000
05/02/2011 09:00,    2584.000
06/02/2011 09:00,    2461.000
07/02/2011 09:00,    2511.000
08/02/2011 09:00,    2461.000
09/02/2011 09:00,    2924.000
10/02/2011 09:00,    2511.000
11/02/2011 09:00,    2332.000
12/02/2011 09:00,    2279.000
13/02/2011 09:00,    2279.000
14/02/2011 09:00,    1557.000
15/02/2011 09:00,    2075.000
16/02/2011 09:00,    2560.000
17/02/2011 09:00,    2560.000
18/02/2011 09:00,    2511.000
19/02/2011 09:00,    2511.000
20/02/2011 09:00,    2560.000
21/02/2011 09:00,    2631.000
22/02/2011 09:00,    2701.000
23/02/2011 09:00,    2723.000
24/02/2011 09:00,    2769.000
25/02/2011 09:00,    2769.000
26/02/2011 09:00,    4095.000
27/02/2011 09:00,    3978.000
28/02/2011 09:00,    3978.000
01/03/2011 09:00,    3898.000
02/03/2011 09:00,    3898.000
03/03/2011 09:00,    3857.000
04/03/2011 09:00,    3857.000
05/03/2011 09:00,    3815.000
06/03/2011 09:00,    3898.000
07/03/2011 09:00,    3978.000
08/03/2011 09:00,    4017.000
09/03/2011 09:00,    4017.000
10/03/2011 09:00,    3938.000
11/03/2011 09:00,    4134.000
12/03/2011 09:00,    4247.000
13/03/2011 09:00,    4210.000
14/03/2011 09:00,    4210.000
15/03/2011 09:00,    3938.000
17/03/2011 09:00,    3938.000
18/03/2011 09:00,    3898.000
19/03/2011 09:00,    3857.000
20/03/2011 09:00,    3857.000
21/03/2011 09:00,    3938.000
22/03/2011 09:00,    3898.000
23/03/2011 09:00,    3898.000
24/03/2011 09:00,    3898.000
25/03/2011 09:00,    3857.000
26/03/2011 09:00,    3732.000
27/03/2011 09:00,    3815.000
28/03/2011 09:00,    3815.000
29/03/2011 09:00,    3646.000
30/03/2011 09:00,    3646.000
31/03/2011 09:00,    3558.000
01/04/2011 09:00,    3558.000
02/04/2011 09:00,    3689.000
03/04/2011 09:00,    3646.000
04/04/2011 09:00,    3732.000
05/04/2011 09:00,    3689.000
06/04/2011 09:00,    3646.000
07/04/2011 09:00,    3815.000
08/04/2011 09:00,    3732.000
09/04/2011 09:00,    3898.000
10/04/2011 09:00,    3898.000
11/04/2011 09:00,    3732.000
12/04/2011 09:00,     964.000
13/04/2011 09:00,    1089.000
14/04/2011 09:00,    1177.000
15/04/2011 09:00,    1028.000
16/04/2011 09:00,    1035.000
17/04/2011 09:00,    1081.000
18/04/2011 09:00,    1118.000
19/04/2011 09:00,    1172.000
20/04/2011 09:00,    3182.000
21/04/2011 09:00,    6304.000
22/04/2011 09:00,    6304.000
23/04/2011 09:00,    8683.000
24/04/2011 09:00,    8526.000
25/04/2011 09:00,    8526.000
26/04/2011 09:00,    8447.000
27/04/2011 09:00,    7869.000
28/04/2011 09:00,    7869.000
29/04/2011 09:00,    7608.000
30/04/2011 09:00,    7338.000
01/05/2011 09:00,    7338.000
02/05/2011 09:00,    7429.000
03/05/2011 09:00,    5768.000
04/05/2011 09:00,    4909.000
05/05/2011 09:00,    4153.000
06/05/2011 09:00,    3774.000
07/05/2011 09:00,    3797.000
08/05/2011 09:00,    3545.000
09/05/2011 09:00,    3566.000
10/05/2011 09:00,    3052.000
11/05/2011 09:00,    2799.000
12/05/2011 09:00,    2558.000
13/05/2011 09:00,    2605.000
14/05/2011 09:00,    2498.000
15/05/2011 09:00,    2674.000
16/05/2011 09:00,    2741.000
17/05/2011 09:00,    2891.000
18/05/2011 09:00,    2902.000
19/05/2011 09:00,    3034.000
20/05/2011 09:00,    3084.000
21/05/2011 09:00,    2791.000
22/05/2011 09:00,    2862.000
23/05/2011 09:00,    2385.000
24/05/2011 09:00,    2430.000
25/05/2011 09:00,    2442.000
26/05/2011 09:00,    2449.000
27/05/2011 09:00,    2449.000
28/05/2011 09:00,    2480.000
29/05/2011 09:00,    2480.000
30/05/2011 09:00,    2486.000
31/05/2011 09:00,    2486.000
01/06/2011 09:00,    2455.000
02/06/2011 09:00,    2436.000
03/06/2011 09:00,    2436.000
04/06/2011 09:00,    2739.000
05/06/2011 09:00,    3045.000
06/06/2011 09:00,    3045.000
07/06/2011 09:00,    3061.000
08/06/2011 09:00,    2768.000
09/06/2011 09:00,    2455.000
10/06/2011 09:00,    3393.000
11/06/2011 09:00,    3393.000
12/06/2011 09:00,    3401.000
13/06/2011 09:00,    2474.000
14/06/2011 09:00,    1041.000
15/06/2011 09:00,     708.000
16/06/2011 09:00,     720.000
17/06/2011 09:00,     731.000
18/06/2011 09:00,     741.000
19/06/2011 09:00,     749.000
20/06/2011 09:00,     757.000
21/06/2011 09:00,     760.000
22/06/2011 09:00,     772.000
23/06/2011 09:00,     773.000
24/06/2011 09:00,     780.000
25/06/2011 09:00,     790.000
26/06/2011 09:00,     801.000
27/06/2011 09:00,     808.000
28/06/2011 09:00,     820.000
29/06/2011 09:00,     839.000
30/06/2011 09:00,     855.000
01/07/2011 09:00,     867.000
02/07/2011 09:00,     878.000
03/07/2011 09:00,     887.000
04/07/2011 09:00,     897.000
05/07/2011 09:00,     907.000
06/07/2011 09:00,     913.000
07/07/2011 09:00,     919.000
08/07/2011 09:00,    3918.000
09/07/2011 09:00,    4457.000
10/07/2011 09:00,    4416.000
11/07/2011 09:00,    4396.000
12/07/2011 09:00,    3780.000
13/07/2011 09:00,    4361.000
14/07/2011 09:00,    5435.000
15/07/2011 09:00,    6971.000
16/07/2011 09:00,    8438.000
17/07/2011 09:00,    8322.000
18/07/2011 09:00,    8289.000
19/07/2011 09:00,    8272.000
20/07/2011 09:00,    8679.000
21/07/2011 09:00,    8642.000
22/07/2011 09:00,    9493.000
23/07/2011 09:00,   10117.000
24/07/2011 09:00,    9970.000
25/07/2011 09:00,    9845.000
26/07/2011 09:00,    9744.000
27/07/2011 09:00,    9693.000
28/07/2011 09:00,    9590.000
29/07/2011 09:00,    9618.000
30/07/2011 09:00,    9768.000
31/07/2011 09:00,    9599.000
01/08/2011 09:00,    9513.000
02/08/2011 09:00,    9456.000
03/08/2011 09:00,    9281.000
04/08/2011 09:00,    8774.000
05/08/2011 09:00,    7708.000
06/08/2011 09:00,    5967.000
07/08/2011 09:00,    4115.000
08/08/2011 09:00,    2147.000
09/08/2011 09:00,     558.000
10/08/2011 09:00,     566.000
11/08/2011 09:00,     569.000
12/08/2011 09:00,     572.000
13/08/2011 09:00,     276.000
14/08/2011 09:00,     580.000
15/08/2011 09:00,     583.000
16/08/2011 09:00,    2796.000
17/08/2011 09:00,    5274.000
18/08/2011 09:00,    6544.000
19/08/2011 09:00,    7270.000
20/08/2011 09:00,    6333.000
21/08/2011 09:00,    5713.000
22/08/2011 09:00,    5699.000
23/08/2011 09:00,    6106.000
24/08/2011 09:00,    6376.000
25/08/2011 09:00,    6359.000
26/08/2011 09:00,    8555.000
27/08/2011 09:00,    8397.000
28/08/2011 09:00,    8317.000
29/08/2011 09:00,    8182.000
30/08/2011 09:00,    8127.000
31/08/2011 09:00,    8072.000
01/09/2011 09:00,    7345.000
02/09/2011 09:00,    5469.000
03/09/2011 09:00,    4743.000
04/09/2011 09:00,    3898.000
05/09/2011 09:00,    3646.000
06/09/2011 09:00,    2187.000
07/09/2011 09:00,     722.000
08/09/2011 09:00,     737.000
09/09/2011 09:00,     746.000
10/09/2011 09:00,     750.000
11/09/2011 09:00,     754.000
12/09/2011 09:00,     762.000
13/09/2011 09:00,     762.000
14/09/2011 09:00,     772.000
15/09/2011 09:00,     773.000
16/09/2011 09:00,     773.000
17/09/2011 09:00,     776.000
18/09/2011 09:00,     782.000
19/09/2011 09:00,     791.000
20/09/2011 09:00,     794.000
21/09/2011 09:00,     804.000
22/09/2011 09:00,     815.000
23/09/2011 09:00,    2416.000
24/09/2011 09:00,    2989.000
25/09/2011 09:00,    3759.000
26/09/2011 09:00,    4535.000
27/09/2011 09:00,    5481.000
28/09/2011 09:00,    6437.000
29/09/2011 09:00,    6144.000
30/09/2011 09:00,    6134.000
01/10/2011 09:00,    5687.000
02/10/2011 09:00,    5774.000
03/10/2011 09:00,    3997.000
04/10/2011 09:00,    2083.000
05/10/2011 09:00,    2138.000
06/10/2011 09:00,    2157.000
07/10/2011 09:00,    2194.000
08/10/2011 09:00,    2185.000
09/10/2011 09:00,    2185.000
10/10/2011 09:00,    2190.000
11/10/2011 09:00,    2213.000
12/10/2011 09:00,    2202.000
13/10/2011 09:00,    2190.000
14/10/2011 09:00,    2192.000
15/10/2011 09:00,    2175.000
16/10/2011 09:00,    1497.000
17/10/2011 09:00,    1508.000
18/10/2011 09:00,     777.000
19/10/2011 09:00,     784.000
20/10/2011 09:00,     785.000
21/10/2011 09:00,     785.000
22/10/2011 09:00,     787.000
23/10/2011 09:00,     789.000
24/10/2011 09:00,     792.000
25/10/2011 09:00,     799.000
26/10/2011 09:00,     802.000
27/10/2011 09:00,     794.000
28/10/2011 09:00,     798.000
29/10/2011 09:00,     799.000
30/10/2011 09:00,     802.000
31/10/2011 09:00,     806.000
01/11/2011 09:00,     814.000
02/11/2011 09:00,     819.000
03/11/2011 09:00,     822.000
04/11/2011 09:00,     831.000
05/11/2011 09:00,     849.000
06/11/2011 09:00,     858.000
07/11/2011 09:00,     863.000
08/11/2011 09:00,    2796.000
09/11/2011 09:00,    2248.000
10/11/2011 09:00,    2246.000
11/11/2011 09:00,    2246.000
12/11/2011 09:00,    1425.000
13/11/2011 09:00,     868.000
14/11/2011 09:00,     871.000
15/11/2011 09:00,     873.000
16/11/2011 09:00,    1155.000
17/11/2011 09:00,     871.000
18/11/2011 09:00,    1154.000
19/11/2011 09:00,     866.000
20/11/2011 09:00,    2010.000
21/11/2011 09:00,    2297.000
22/11/2011 09:00,    2270.000
23/11/2011 09:00,    1705.000
24/11/2011 09:00,    1427.000
25/11/2011 09:00,    1141.000
26/11/2011 09:00,     289.000
27/11/2011 09:00,     290.000
28/11/2011 09:00,     291.000
29/11/2011 09:00,     291.000
30/11/2011 09:00,     288.000
01/12/2011 09:00,    1148.000
02/12/2011 09:00,    1404.000
03/12/2011 09:00,    1388.000
04/12/2011 09:00,    1385.000
05/12/2011 09:00,    1390.000
06/12/2011 09:00,    1390.000
07/12/2011 09:00,    1389.000
08/12/2011 09:00,    5415.000
09/12/2011 09:00,    5387.000
10/12/2011 09:00,    5135.000
11/12/2011 09:00,    5347.000
12/12/2011 09:00,    5572.000
13/12/2011 09:00,    5973.000
14/12/2011 09:00,    5947.000
15/12/2011 09:00,    4760.000
16/12/2011 09:00,    4739.000
17/12/2011 09:00,    4939.000
18/12/2011 09:00,    4013.000
19/12/2011 09:00,    2318.000
20/12/2011 09:00,     523.000
21/12/2011 09:00,     520.000
22/12/2011 09:00,     518.000
23/12/2011 09:00,    1542.000
24/12/2011 09:00,    2977.000
25/12/2011 09:00,    3878.000
26/12/2011 09:00,    3857.000
27/12/2011 09:00,    3820.000
28/12/2011 09:00,    5039.000
29/12/2011 09:00,    4966.000
30/12/2011 09:00,    4933.000
31/12/2011 09:00,    4913.000
01/01/2012 09:00,    5505.000
02/01/2012 09:00,    4865.000
03/01/2012 09:00,    6051.000
04/01/2012 09:00,    2950.000
05/01/2012 09:00,    3017.000
06/01/2012 09:00,    3032.000
07/01/2012 09:00,    3017.000
08/01/2012 09:00,    1878.000
09/01/2012 09:00,     721.000
10/01/2012 09:00,     724.000
11/01/2012 09:00,     724.000
12/01/2012 09:00,     727.000
13/01/2012 09:00,    1204.000
14/01/2012 09:00,    1445.000
15/01/2012 09:00,    1443.000
16/01/2012 09:00,    1448.000
17/01/2012 09:00,    1926.000
18/01/2012 09:00,    4398.000
19/01/2012 09:00,    2393.000
20/01/2012 09:00,    3081.000
21/01/2012 09:00,    3302.000
22/01/2012 09:00,    3306.000
23/01/2012 09:00,    2177.000
24/01/2012 09:00,    2182.000
25/01/2012 09:00,    2693.000
26/01/2012 09:00,    2180.000
27/01/2012 09:00,    2419.000
28/01/2012 09:00,    2655.000
29/01/2012 09:00,    2661.000
30/01/2012 09:00,    2670.000
31/01/2012 09:00,    2670.000
01/02/2012 09:00,    2906.000
02/02/2012 09:00,    2916.000
03/02/2012 09:00,    4498.000
04/02/2012 09:00,    4487.000
05/02/2012 09:00,    4514.000
06/02/2012 09:00,    4935.000
07/02/2012 09:00,    5882.000
08/02/2012 09:00,    5963.000
09/02/2012 09:00,    5877.000
10/02/2012 09:00,    7653.000
11/02/2012 09:00,    8670.000
12/02/2012 09:00,    8211.000
13/02/2012 09:00,    8112.000
14/02/2012 09:00,    7730.000
15/02/2012 09:00,    4992.000
16/02/2012 09:00,    4213.000
17/02/2012 09:00,    4807.000
18/02/2012 09:00,    5159.000
19/02/2012 09:00,    5125.000
20/02/2012 09:00,    5109.000
21/02/2012 09:00,    6656.000
22/02/2012 09:00,    7099.000
23/02/2012 09:00,    7046.000
24/02/2012 09:00,    7195.000
25/02/2012 09:00,    8569.000
26/02/2012 09:00,    6627.000
27/02/2012 09:00,    3445.000
28/02/2012 09:00,    3844.000
29/02/2012 09:00,    3234.000
01/03/2012 09:00,    3204.000
02/03/2012 09:00,    2444.000
03/03/2012 09:00,    2472.000
04/03/2012 09:00,    3648.000
05/03/2012 09:00,    3623.000
06/03/2012 09:00,    3040.000
07/03/2012 09:00,    1857.000
08/03/2012 09:00,    1863.000
09/03/2012 09:00,    1878.000
10/03/2012 09:00,    1887.000
11/03/2012 09:00,    2113.000
12/03/2012 09:00,    2516.000
13/03/2012 09:00,    2516.000
14/03/2012 09:00,    4263.000
15/03/2012 09:00,    4198.000
16/03/2012 09:00,    2195.000
17/03/2012 09:00,       0.000
18/03/2012 09:00,       0.000
19/03/2012 09:00,       0.000
20/03/2012 09:00,       0.000
21/03/2012 09:00,    2255.000
22/03/2012 09:00,    5878.000
23/03/2012 09:00,    8792.000
24/03/2012 09:00,    9276.000
25/03/2012 09:00,    8950.000
26/03/2012 09:00,    8670.000
27/03/2012 09:00,    8320.000
28/03/2012 09:00,    8048.000
29/03/2012 09:00,    8710.000
30/03/2012 09:00,    9096.000
31/03/2012 09:00,    7774.000
01/04/2012 09:00,    8292.000
02/04/2012 09:00,    8328.000
03/04/2012 09:00,    8074.000
04/04/2012 09:00,    7713.000
05/04/2012 09:00,    8438.000
06/04/2012 09:00,    8093.000
07/04/2012 09:00,    7893.000
08/04/2012 09:00,    7707.000
09/04/2012 09:00,    7472.000
10/04/2012 09:00,    7204.000
11/04/2012 09:00,    7026.000
12/04/2012 09:00,    6529.000
13/04/2012 09:00,    6285.000
14/04/2012 09:00,    6150.000
15/04/2012 09:00,    5677.000
16/04/2012 09:00,    5680.000
17/04/2012 09:00,    5626.000
18/04/2012 09:00,    5112.000
19/04/2012 09:00,    4904.000
20/04/2012 09:00,    4494.000
21/04/2012 09:00,    4019.000
22/04/2012 09:00,    3669.000
23/04/2012 09:00,    3070.000
24/04/2012 09:00,    2594.000
25/04/2012 09:00,    1641.000
26/04/2012 09:00,    1160.000
27/04/2012 09:00,    1160.000
01/05/2012 09:00,    3070.000
02/05/2012 09:00,    2010.000
03/05/2012 09:00,       0.000
04/05/2012 09:00,       0.000
05/05/2012 09:00,     176.000
06/05/2012 09:00,     176.000
07/05/2012 09:00,     304.000
08/05/2012 09:00,     249.000
09/05/2012 09:00,     176.000
10/05/2012 09:00,     176.000
11/05/2012 09:00,     176.000
12/05/2012 09:00,     176.000
13/05/2012 09:00,     176.000
14/05/2012 09:00,     304.000
15/05/2012 09:00,     393.000
16/05/2012 09:00,       0.000
17/05/2012 09:00,       0.000
18/05/2012 09:00,    1010.000
19/05/2012 09:00,    2110.000
20/05/2012 09:00,    2196.000
21/05/2012 09:00,    2279.000
22/05/2012 09:00,    3265.000
23/05/2012 09:00,    4646.000
24/05/2012 09:00,    4995.000
25/05/2012 09:00,    5058.000
26/05/2012 09:00,    5317.000
27/05/2012 09:00,    5442.000
28/05/2012 09:00,    5442.000
29/05/2012 09:00,    5684.000
30/05/2012 09:00,    5442.000
31/05/2012 09:00,    5565.000
01/06/2012 09:00,    5873.000
02/06/2012 09:00,    5873.000
03/06/2012 09:00,    6059.000
04/06/2012 09:00,    5873.000
05/06/2012 09:00,    5713.000
06/06/2012 09:00,    4323.000
07/06/2012 09:00,    2496.000
08/06/2012 09:00,    2718.000
09/06/2012 09:00,    1492.000
10/06/2012 09:00,    1536.000
11/06/2012 09:00,    1579.000
12/06/2012 09:00,    1624.000
13/06/2012 09:00,    1654.000
14/06/2012 09:00,    1175.000
15/06/2012 09:00,     821.000
16/06/2012 09:00,     841.000
17/06/2012 09:00,     841.000
18/06/2012 09:00,     849.000
19/06/2012 09:00,     866.000
20/06/2012 09:00,     885.000
21/06/2012 09:00,     898.000
22/06/2012 09:00,     908.000
23/06/2012 09:00,     919.000
24/06/2012 09:00,    1084.000
25/06/2012 09:00,    2236.000
26/06/2012 09:00,    2838.000
27/06/2012 09:00,    3625.000
28/06/2012 09:00,    4070.000
29/06/2012 09:00,    4021.000
30/06/2012 09:00,    3983.000
01/07/2012 09:00,    4746.000
02/07/2012 09:00,    5304.000
03/07/2012 09:00,    6039.000
04/07/2012 09:00,    6018.000
05/07/2012 09:00,    6008.000
06/07/2012 09:00,    6552.000
07/07/2012 09:00,    7648.000
08/07/2012 09:00,    7922.000
09/07/2012 09:00,    7876.000
10/07/2012 09:00,    7783.000
11/07/2012 09:00,    7657.000
12/07/2012 09:00,    8569.000
13/07/2012 09:00,    8703.000
14/07/2012 09:00,    8950.000
15/07/2012 09:00,    8905.000
16/07/2012 09:00,    8860.000
17/07/2012 09:00,    8792.000
18/07/2012 09:00,    9086.000
19/07/2012 09:00,    8938.000
20/07/2012 09:00,    8787.000
21/07/2012 09:00,    8659.000
22/07/2012 09:00,    8633.000
23/07/2012 09:00,    8555.000
24/07/2012 09:00,    9133.000
25/07/2012 09:00,    9073.000
26/07/2012 09:00,    9013.000
27/07/2012 09:00,    8891.000
28/07/2012 09:00,    8891.000
29/07/2012 09:00,    8799.000
30/07/2012 09:00,    8768.000
31/07/2012 09:00,    8768.000
01/08/2012 09:00,    8674.000
02/08/2012 09:00,    8611.000
03/08/2012 09:00,    8451.000
04/08/2012 09:00,    8354.000
05/08/2012 09:00,    8255.000
06/08/2012 09:00,    8189.000
07/08/2012 09:00,    8155.000
08/08/2012 09:00,    8055.000
09/08/2012 09:00,    7952.000
10/08/2012 09:00,    7814.000
11/08/2012 09:00,    7673.000
12/08/2012 09:00,    7070.000
13/08/2012 09:00,    7038.000
14/08/2012 09:00,    6111.000
15/08/2012 09:00,    5131.000
16/08/2012 09:00,    3915.000
17/08/2012 09:00,    2088.000
18/08/2012 09:00,    2124.000
19/08/2012 09:00,    2160.000
20/08/2012 09:00,    2189.000
21/08/2012 09:00,    1779.000
22/08/2012 09:00,     909.000
23/08/2012 09:00,    3536.000
24/08/2012 09:00,    3491.000
25/08/2012 09:00,     911.000
26/08/2012 09:00,       0.000
27/08/2012 09:00,       0.000
28/08/2012 09:00,       0.000
29/08/2012 09:00,     989.000
30/08/2012 09:00,     994.000
31/08/2012 09:00,    1004.000
01/09/2012 09:00,     511.000
02/09/2012 09:00,     519.000
03/09/2012 09:00,     176.000
04/09/2012 09:00,     536.000
05/09/2012 09:00,     182.000
10/09/2012 09:00,     387.000
11/09/2012 09:00,     986.000
12/09/2012 09:00,    2750.000
13/09/2012 09:00,    4503.000
14/09/2012 09:00,    4876.000
15/09/2012 09:00,    3936.000
16/09/2012 09:00,    3004.000
17/09/2012 09:00,    3232.000
18/09/2012 09:00,    3850.000
19/09/2012 09:00,    2837.000
20/09/2012 09:00,    3908.000
21/09/2012 09:00,    4503.000
22/09/2012 09:00,    4864.000
23/09/2012 09:00,    4856.000
24/09/2012 09:00,    4653.000
25/09/2012 09:00,    4684.000
26/09/2012 09:00,    6070.000
27/09/2012 09:00,    5857.000
28/09/2012 09:00,    5848.000
29/09/2012 09:00,    5278.000
30/09/2012 09:00,    5674.000
01/10/2012 09:00,    5877.000
02/10/2012 09:00,    6070.000
03/10/2012 09:00,    6080.000
04/10/2012 09:00,    6080.000
05/10/2012 09:00,    6080.000
06/10/2012 09:00,    6485.000
07/10/2012 09:00,    6474.000
08/10/2012 09:00,    6890.000
09/10/2012 09:00,    7259.000
10/10/2012 09:00,    7997.000
11/10/2012 09:00,    6844.000
12/10/2012 09:00,    5769.000
13/10/2012 09:00,    5843.000
14/10/2012 09:00,    5907.000
15/10/2012 09:00,    4978.000
16/10/2012 09:00,    2513.000
17/10/2012 09:00,    2598.000
18/10/2012 09:00,    2623.000
19/10/2012 09:00,    2661.000
20/10/2012 09:00,    2228.000
21/10/2012 09:00,    2245.000
22/10/2012 09:00,    1767.000
23/10/2012 09:00,    1790.000
24/10/2012 09:00,    1803.000
25/10/2012 09:00,    1803.000
26/10/2012 09:00,    2061.000
27/10/2012 09:00,    3534.000
28/10/2012 09:00,    3527.000
29/10/2012 09:00,    2056.000
30/10/2012 09:00,    1047.000
31/10/2012 09:00,    2581.000
01/11/2012 09:00,    3065.000
02/11/2012 09:00,    3059.000
03/11/2012 09:00,    3542.000
04/11/2012 09:00,    3538.000
05/11/2012 09:00,    3055.000
06/11/2012 09:00,    1560.000
07/11/2012 09:00,    1566.000
08/11/2012 09:00,    1058.000
09/11/2012 09:00,    2615.000
10/11/2012 09:00,    2615.000
11/11/2012 09:00,    2117.000
12/11/2012 09:00,    2128.000
13/11/2012 09:00,    3444.000
14/11/2012 09:00,    4939.000
15/11/2012 09:00,    4176.000
16/11/2012 09:00,    2408.000
17/11/2012 09:00,    1631.000
18/11/2012 09:00,    1894.000
19/11/2012 09:00,    1894.000
20/11/2012 09:00,    2156.000
21/11/2012 09:00,    1883.000
22/11/2012 09:00,    1623.000
23/11/2012 09:00,    2146.000
24/11/2012 09:00,    1882.000
25/11/2012 09:00,    1619.000
26/11/2012 09:00,    2146.000
27/11/2012 09:00,    2146.000
28/11/2012 09:00,    1862.000
29/11/2012 09:00,    1330.000
30/11/2012 09:00,    1318.000
01/12/2012 09:00,    3084.000
02/12/2012 09:00,    5186.000
03/12/2012 09:00,    5319.000
04/12/2012 09:00,    3453.000
05/12/2012 09:00,    2486.000
06/12/2012 09:00,    1750.000
07/12/2012 09:00,    1756.000
08/12/2012 09:00,    2004.000
09/12/2012 09:00,    2000.000
10/12/2012 09:00,    2481.000
11/12/2012 09:00,    2233.000
12/12/2012 09:00,    1498.000
13/12/2012 09:00,    1254.000
14/12/2012 09:00,    3671.000
15/12/2012 09:00,    3196.000
16/12/2012 09:00,    2953.000
17/12/2012 09:00,    2947.000
18/12/2012 09:00,    3410.000
19/12/2012 09:00,    4107.000
20/12/2012 09:00,    5020.000
21/12/2012 09:00,    5465.000
22/12/2012 09:00,    5897.000
23/12/2012 09:00,    5267.000
24/12/2012 09:00,    3650.000
26/12/2012 09:00,    4564.000
27/12/2012 09:00,    3654.000
28/12/2012 09:00,    2489.000
29/12/2012 09:00,    1773.000
30/12/2012 09:00,    1031.000
31/12/2012 09:00,     263.000
01/01/2013 09:00,     788.000
02/01/2013 09:00,     787.000
03/01/2013 09:00,    1050.000
04/01/2013 09:00,    2621.000
05/01/2013 09:00,    2854.000
06/01/2013 09:00,    2854.000
07/01/2013 09:00,    3039.000
08/01/2013 09:00,    4189.000
09/01/2013 09:00,    5056.000
10/01/2013 09:00,    6506.000
11/01/2013 09:00,    7120.000
12/01/2013 09:00,    7655.000
13/01/2013 09:00,    7772.000
14/01/2013 09:00,    6431.000
15/01/2013 09:00,    7456.000
16/01/2013 09:00,    7597.000
17/01/2013 09:00,    6329.000
18/01/2013 09:00,    6662.000
19/01/2013 09:00,    7163.000
20/01/2013 09:00,    7406.000
21/01/2013 09:00,    7036.000
22/01/2013 09:00,    6620.000
23/01/2013 09:00,    5818.000
24/01/2013 09:00,    5627.000
25/01/2013 09:00,    6260.000
26/01/2013 09:00,    6418.000
27/01/2013 09:00,    6677.000
28/01/2013 09:00,    6774.000
29/01/2013 09:00,    6354.000
30/01/2013 09:00,    6166.000
31/01/2013 09:00,    5798.000
01/02/2013 09:00,    4416.000
02/02/2013 09:00,    4920.000
03/02/2013 09:00,    5351.000
04/02/2013 09:00,    5144.000
05/02/2013 09:00,    5267.000
06/02/2013 09:00,    5392.000
07/02/2013 09:00,    5470.000
08/02/2013 09:00,    5733.000
09/02/2013 09:00,    5385.000
10/02/2013 09:00,    5189.000
11/02/2013 09:00,    5157.000
12/02/2013 09:00,    5137.000
13/02/2013 09:00,    4670.000
14/02/2013 09:00,    4633.000
15/02/2013 09:00,    5121.000
16/02/2013 09:00,    4944.000
17/02/2013 09:00,    4944.000
18/02/2013 09:00,    4944.000
19/02/2013 09:00,    4960.000
20/02/2013 09:00,    5304.000
21/02/2013 09:00,    5773.000
22/02/2013 09:00,    5420.000
23/02/2013 09:00,    5301.000
24/02/2013 09:00,    5320.000
25/02/2013 09:00,    5408.000
26/02/2013 09:00,    5202.000
27/02/2013 09:00,    4773.000
28/02/2013 09:00,    4189.000
01/03/2013 09:00,    4304.000
02/03/2013 09:00,    4571.000
03/03/2013 09:00,    4729.000
04/03/2013 09:00,    4714.000
05/03/2013 09:00,    4686.000
06/03/2013 09:00,    4596.000
07/03/2013 09:00,    4567.000
08/03/2013 09:00,    4567.000
09/03/2013 09:00,    4624.000
10/03/2013 09:00,    4673.000
11/03/2013 09:00,    4609.000
12/03/2013 09:00,    4829.000
13/03/2013 09:00,    4877.000
14/03/2013 09:00,    4891.000
15/03/2013 09:00,    4707.000
16/03/2013 09:00,    4198.000
17/03/2013 09:00,    3952.000
18/03/2013 09:00,    3654.000
19/03/2013 09:00,    3797.000
20/03/2013 09:00,    3538.000
21/03/2013 09:00,    4261.000
22/03/2013 09:00,    4102.000
23/03/2013 09:00,    4091.000
24/03/2013 09:00,    4047.000
25/03/2013 09:00,    3980.000
26/03/2013 09:00,    3980.000
27/03/2013 09:00,    3974.000
28/03/2013 09:00,    3903.000
29/03/2013 09:00,    3769.000
30/03/2013 09:00,    3741.000
31/03/2013 09:00,    3678.000
01/04/2013 09:00,    3423.000
02/04/2013 09:00,    3519.000
03/04/2013 09:00,    3466.000
04/04/2013 09:00,    3449.000
05/04/2013 09:00,    3449.000
06/04/2013 09:00,    3073.000
07/04/2013 09:00,    3120.000
08/04/2013 09:00,    3120.000
09/04/2013 09:00,    3717.000
10/04/2013 09:00,    3726.000
11/04/2013 09:00,    3481.000
12/04/2013 09:00,    2984.000
13/04/2013 09:00,    3212.000
14/04/2013 09:00,    3466.000
15/04/2013 09:00,    3452.000
16/04/2013 09:00,    3466.000
17/04/2013 09:00,    3466.000
18/04/2013 09:00,    3452.000
19/04/2013 09:00,    2660.000
20/04/2013 09:00,    1974.000
21/04/2013 09:00,    2262.000
22/04/2013 09:00,    2279.000
23/04/2013 09:00,    2160.000
24/04/2013 09:00,    1446.000
25/04/2013 09:00,    1917.000
26/04/2013 09:00,    2072.000
27/04/2013 09:00,    2091.000
28/04/2013 09:00,    1797.000
29/04/2013 09:00,    1648.000
30/04/2013 09:00,    1664.000
01/05/2013 09:00,     998.000
02/05/2013 09:00,     623.000
03/05/2013 09:00,     629.000
04/05/2013 09:00,     632.000
05/05/2013 09:00,     839.000
06/05/2013 09:00,     849.000
07/05/2013 09:00,     854.000
08/05/2013 09:00,     863.000
09/05/2013 09:00,     871.000
10/05/2013 09:00,     876.000
11/05/2013 09:00,     881.000
12/05/2013 09:00,     674.000
13/05/2013 09:00,     677.000
14/05/2013 09:00,     684.000
15/05/2013 09:00,     688.000
16/05/2013 09:00,     913.000
17/05/2013 09:00,     915.000
18/05/2013 09:00,     916.000
19/05/2013 09:00,     700.000
20/05/2013 09:00,     703.000
21/05/2013 09:00,     928.000
22/05/2013 09:00,     709.000
23/05/2013 09:00,     478.000
24/05/2013 09:00,     940.000
25/05/2013 09:00,    1179.000
26/05/2013 09:00,    1405.000
27/05/2013 09:00,    1406.000
28/05/2013 09:00,    1410.000
29/05/2013 09:00,     949.000
30/05/2013 09:00,     243.000
31/05/2013 09:00,     251.000
01/06/2013 09:00,     508.000
02/06/2013 09:00,     257.000
03/06/2013 09:00,     776.000
04/06/2013 09:00,    2187.000
05/06/2013 09:00,    1022.000
06/06/2013 09:00,    1274.000
07/06/2013 09:00,    1760.000
08/06/2013 09:00,    2000.000
09/06/2013 09:00,    1769.000
10/06/2013 09:00,    1534.000
11/06/2013 09:00,    1541.000
12/06/2013 09:00,    1301.000
13/06/2013 09:00,    1552.000
14/06/2013 09:00,    2052.000
15/06/2013 09:00,    2301.000
16/06/2013 09:00,    2309.000
17/06/2013 09:00,    2078.000
18/06/2013 09:00,    2084.000
19/06/2013 09:00,    1585.000
20/06/2013 09:00,    2576.000
21/06/2013 09:00,    2824.000
22/06/2013 09:00,    2592.000
23/06/2013 09:00,    2608.000
24/06/2013 09:00,    2618.000
25/06/2013 09:00,    2860.000
26/06/2013 09:00,    2868.000
27/06/2013 09:00,    2636.000
28/06/2013 09:00,    2644.000
29/06/2013 09:00,    2655.000
30/06/2013 09:00,    2415.000
01/07/2013 09:00,    2171.000
02/07/2013 09:00,    1919.000
03/07/2013 09:00,    1928.000
04/07/2013 09:00,    1936.000
05/07/2013 09:00,    1931.000
06/07/2013 09:00,    1945.000
07/07/2013 09:00,    1950.000
08/07/2013 09:00,    1959.000
09/07/2013 09:00,    1964.000
10/07/2013 09:00,    1429.000
11/07/2013 09:00,     873.000
12/07/2013 09:00,     873.000
13/07/2013 09:00,     590.000
14/07/2013 09:00,    1727.000
15/07/2013 09:00,    1999.000
16/07/2013 09:00,    2003.000
17/07/2013 09:00,    1732.000
18/07/2013 09:00,    2536.000
19/07/2013 09:00,    2791.000
20/07/2013 09:00,    2793.000
21/07/2013 09:00,    2798.000
22/07/2013 09:00,    2534.000
23/07/2013 09:00,    2536.000
24/07/2013 09:00,    2274.000
25/07/2013 09:00,    2545.000
26/07/2013 09:00,    4341.000
27/07/2013 09:00,    6641.000
28/07/2013 09:00,    5737.000
29/07/2013 09:00,    5257.000
30/07/2013 09:00,    5262.000
31/07/2013 09:00,    5487.000
01/08/2013 09:00,    5236.000
02/08/2013 09:00,    4745.000
03/08/2013 09:00,    4009.000
04/08/2013 09:00,    4482.000
05/08/2013 09:00,    4243.000
06/08/2013 09:00,    2458.000
07/08/2013 09:00,    1926.000
08/08/2013 09:00,    1118.000
09/08/2013 09:00,    1666.000
10/08/2013 09:00,    1666.000
11/08/2013 09:00,    1671.000
12/08/2013 09:00,    1941.000
13/08/2013 09:00,    5614.000
14/08/2013 09:00,    8459.000
15/08/2013 09:00,    6275.000
16/08/2013 09:00,    3758.000
17/08/2013 09:00,    4004.000
18/08/2013 09:00,    4687.000
19/08/2013 09:00,    4883.000
20/08/2013 09:00,    4644.000
21/08/2013 09:00,    4405.000
22/08/2013 09:00,    3947.000
23/08/2013 09:00,    4179.000
24/08/2013 09:00,    4175.000
25/08/2013 09:00,    4155.000
26/08/2013 09:00,    3465.000
27/08/2013 09:00,    3469.000
28/08/2013 09:00,    2020.000
29/08/2013 09:00,    4155.000
30/08/2013 09:00,    7320.000
31/08/2013 09:00,    6872.000
01/09/2013 09:00,    4740.000
02/09/2013 09:00,    2243.000
03/09/2013 09:00,    2738.000
04/09/2013 09:00,    1758.000
05/09/2013 09:00,    1261.000
06/09/2013 09:00,    1266.000
07/09/2013 09:00,    1268.000
08/09/2013 09:00,    1269.000
09/09/2013 09:00,     762.000
10/09/2013 09:00,     770.000
11/09/2013 09:00,     771.000
12/09/2013 09:00,     771.000
13/09/2013 09:00,     775.000
14/09/2013 09:00,     779.000
15/09/2013 09:00,     785.000
16/09/2013 09:00,     786.000
17/09/2013 09:00,    1794.000
18/09/2013 09:00,    3228.000
19/09/2013 09:00,    4132.000
20/09/2013 09:00,    5491.000
21/09/2013 09:00,    7869.000
22/09/2013 09:00,    7608.000
23/09/2013 09:00,    6979.000
24/09/2013 09:00,    6979.000
25/09/2013 09:00,    6979.000
26/09/2013 09:00,    6514.000
27/09/2013 09:00,    6514.000
28/09/2013 09:00,    6079.000
29/09/2013 09:00,    6094.000
30/09/2013 09:00,    6094.000
01/10/2013 09:00,    6530.000
02/10/2013 09:00,    6555.000
03/10/2013 09:00,    6522.000
04/10/2013 09:00,    6721.000
05/10/2013 09:00,    6721.000
06/10/2013 09:00,    6712.000
07/10/2013 09:00,    6712.000
08/10/2013 09:00,    6721.000
09/10/2013 09:00,    6746.000
10/10/2013 09:00,    7778.000
11/10/2013 09:00,    8969.000
12/10/2013 09:00,    8932.000
13/10/2013 09:00,    8285.000
14/10/2013 09:00,    8262.000
15/10/2013 09:00,    6447.000
16/10/2013 09:00,    4059.000
17/10/2013 09:00,    1744.000
18/10/2013 09:00,     769.000
19/10/2013 09:00,     785.000
20/10/2013 09:00,     790.000
21/10/2013 09:00,     795.000
22/10/2013 09:00,     544.000
23/10/2013 09:00,     548.000
24/10/2013 09:00,     550.000
25/10/2013 09:00,     552.000
26/10/2013 09:00,     555.000
27/10/2013 09:00,    1651.000
28/10/2013 09:00,    3731.000
29/10/2013 09:00,    3745.000
30/10/2013 09:00,    3802.000
31/10/2013 09:00,    3823.000
01/11/2013 09:00,    3567.000
02/11/2013 09:00,    4058.000
03/11/2013 09:00,    4583.000
04/11/2013 09:00,    4595.000
05/11/2013 09:00,    5834.000
06/11/2013 09:00,    6983.000
07/11/2013 09:00,    6512.000
08/11/2013 09:00,    6725.000
09/11/2013 09:00,    7851.000
10/11/2013 09:00,    7801.000
11/11/2013 09:00,    7329.000
12/11/2013 09:00,    7321.000
13/11/2013 09:00,    6399.000
14/11/2013 09:00,    4974.000
15/11/2013 09:00,    5199.000
16/11/2013 09:00,    5199.000
17/11/2013 09:00,    6824.000
18/11/2013 09:00,    5918.000
19/11/2013 09:00,    4929.000
20/11/2013 09:00,    4415.000
21/11/2013 09:00,    5655.000
22/11/2013 09:00,    6571.000
23/11/2013 09:00,    6802.000
24/11/2013 09:00,    7015.000
25/11/2013 09:00,    5584.000
26/11/2013 09:00,    5590.000
27/11/2013 09:00,    6026.000
28/11/2013 09:00,    4627.000
29/11/2013 09:00,    5087.000
30/11/2013 09:00,    5973.000
01/12/2013 09:00,    5737.000
02/12/2013 09:00,    5536.000
03/12/2013 09:00,    5731.000
04/12/2013 09:00,    5732.000
05/12/2013 09:00,    6348.000
06/12/2013 09:00,    3815.000
07/12/2013 09:00,    2845.000
08/12/2013 09:00,    4319.000
09/12/2013 09:00,    6789.000
10/12/2013 09:00,    6860.000
11/12/2013 09:00,    6899.000
12/12/2013 09:00,    5980.000
13/12/2013 09:00,    4593.000
14/12/2013 09:00,    3194.000
15/12/2013 09:00,    3448.000
16/12/2013 09:00,    3939.000
17/12/2013 09:00,    3684.000
18/12/2013 09:00,    3684.000
19/12/2013 09:00,    1874.000
20/12/2013 09:00,    2900.000
21/12/2013 09:00,    3848.000
22/12/2013 09:00,    3848.000
23/12/2013 09:00,    3338.000
24/12/2013 09:00,    2296.000
26/12/2013 09:00,    1291.000
27/12/2013 09:00,    1297.000
28/12/2013 09:00,     796.000
29/12/2013 09:00,     801.000
30/12/2013 09:00,    1855.000
31/12/2013 09:00,    1354.000
01/01/2014 09:00,    1622.000
02/01/2014 09:00,    1896.000
03/01/2014 09:00,     833.000
04/01/2014 09:00,     840.000
05/01/2014 09:00,    1118.000
06/01/2014 09:00,    1921.000
07/01/2014 09:00,    1674.000
08/01/2014 09:00,     861.000
09/01/2014 09:00,    1957.000
10/01/2014 09:00,    1409.000
11/01/2014 09:00,    1686.000
12/01/2014 09:00,    2219.000
13/01/2014 09:00,    1950.000
14/01/2014 09:00,    1679.000
15/01/2014 09:00,     853.000
16/01/2014 09:00,    1129.000
17/01/2014 09:00,    4526.000
18/01/2014 09:00,    5696.000
19/01/2014 09:00,    5924.000
20/01/2014 09:00,    5678.000
21/01/2014 09:00,    5918.000
22/01/2014 09:00,    6311.000
23/01/2014 09:00,    4750.000
24/01/2014 09:00,    3691.000
25/01/2014 09:00,    3669.000
26/01/2014 09:00,    3651.000
27/01/2014 09:00,    4593.000
28/01/2014 09:00,    4564.000
29/01/2014 09:00,    4822.000
30/01/2014 09:00,    5256.000
31/01/2014 09:00,    5873.000
01/02/2014 09:00,    8192.000
02/02/2014 09:00,    8105.000
03/02/2014 09:00,    8028.000
04/02/2014 09:00,    7550.000
05/02/2014 09:00,    7508.000
06/02/2014 09:00,    5979.000
07/02/2014 09:00,    3633.000
08/02/2014 09:00,    3852.000
09/02/2014 09:00,    5296.000
10/02/2014 09:00,    6615.000
11/02/2014 09:00,    6183.000
12/02/2014 09:00,    5192.000
13/02/2014 09:00,    4166.000
14/02/2014 09:00,    3282.000
15/02/2014 09:00,    3741.000
16/02/2014 09:00,    1487.000
17/02/2014 09:00,     501.000
18/02/2014 09:00,     514.000
19/02/2014 09:00,     471.000
20/02/2014 09:00,     515.000
21/02/2014 09:00,     516.000
22/02/2014 09:00,     518.000
23/02/2014 09:00,     518.000
24/02/2014 09:00,       0.000
25/02/2014 09:00,       0.000
26/02/2014 09:00,       0.000
27/02/2014 09:00,       0.000
28/02/2014 09:00,       0.000
01/03/2014 09:00,     509.000
02/03/2014 09:00,     507.000
03/03/2014 09:00,     510.000
04/03/2014 09:00,     516.000
05/03/2014 09:00,    1485.000
06/03/2014 09:00,     744.000
07/03/2014 09:00,     499.000
08/03/2014 09:00,     747.000
09/03/2014 09:00,     987.000
10/03/2014 09:00,     992.000
11/03/2014 09:00,    1960.000
12/03/2014 09:00,    1953.000
13/03/2014 09:00,     993.000
14/03/2014 09:00,    1235.000
15/03/2014 09:00,    1251.000
16/03/2014 09:00,     514.000
17/03/2014 09:00,     771.000
18/03/2014 09:00,     771.000
19/03/2014 09:00,    1989.000
20/03/2014 09:00,    1967.000
21/03/2014 09:00,    1973.000
22/03/2014 09:00,    1969.000
23/03/2014 09:00,    1967.000
24/03/2014 09:00,    1960.000
25/03/2014 09:00,    1962.000
26/03/2014 09:00,    1958.000
27/03/2014 09:00,    1960.000
28/03/2014 09:00,    1967.000
29/03/2014 09:00,    2875.000
30/03/2014 09:00,    2855.000
31/03/2014 09:00,    2844.000
01/04/2014 09:00,    2862.000
02/04/2014 09:00,    2874.000
03/04/2014 09:00,    2889.000
04/04/2014 09:00,    2882.000
05/04/2014 09:00,    2862.000
06/04/2014 09:00,    2834.000
07/04/2014 09:00,    2806.000
08/04/2014 09:00,    3009.000
09/04/2014 09:00,    3032.000
10/04/2014 09:00,    2915.000
11/04/2014 09:00,    1390.000
12/04/2014 09:00,     476.000
13/04/2014 09:00,     942.000
14/04/2014 09:00,    2067.000
15/04/2014 09:00,    2070.000
16/04/2014 09:00,    1614.000
17/04/2014 09:00,     482.000
18/04/2014 09:00,     491.000
19/04/2014 09:00,     954.000
20/04/2014 09:00,     955.000
21/04/2014 09:00,     952.000
22/04/2014 09:00,     717.000
23/04/2014 09:00,     722.000
24/04/2014 09:00,     952.000
25/04/2014 09:00,     490.000
26/04/2014 09:00,     501.000
27/04/2014 09:00,     751.000
28/04/2014 09:00,    1232.000
29/04/2014 09:00,     763.000
30/04/2014 09:00,     517.000
01/05/2014 09:00,    1022.000
02/05/2014 09:00,     519.000
03/05/2014 09:00,     519.000
04/05/2014 09:00,     524.000
05/05/2014 09:00,     784.000
06/05/2014 09:00,    1526.000
07/05/2014 09:00,    1529.000
08/05/2014 09:00,    1032.000
09/05/2014 09:00,     528.000
10/05/2014 09:00,     264.000
11/05/2014 09:00,       0.000
12/05/2014 09:00,       0.000
13/05/2014 09:00,       0.000
14/05/2014 09:00,       0.000
15/05/2014 09:00,       0.000
16/05/2014 09:00,       0.000
17/05/2014 09:00,       0.000
18/05/2014 09:00,     268.000
19/05/2014 09:00,    1046.000
20/05/2014 09:00,    1801.000
21/05/2014 09:00,    2039.000
22/05/2014 09:00,    2033.000
23/05/2014 09:00,    2028.000
24/05/2014 09:00,    1533.000
25/05/2014 09:00,    1289.000
26/05/2014 09:00,     786.000
27/05/2014 09:00,     269.000
28/05/2014 09:00,     267.000
29/05/2014 09:00,     270.000
30/05/2014 09:00,     269.000
31/05/2014 09:00,     269.000
01/06/2014 09:00,     269.000
02/06/2014 09:00,     533.000
03/06/2014 09:00,     535.000
04/06/2014 09:00,     535.000
05/06/2014 09:00,     535.000
06/06/2014 09:00,     536.000
07/06/2014 09:00,     271.000
08/06/2014 09:00,     270.000
09/06/2014 09:00,     270.000
10/06/2014 09:00,     271.000
11/06/2014 09:00,     271.000
12/06/2014 09:00,     271.000
13/06/2014 09:00,     271.000
14/06/2014 09:00,     269.000
15/06/2014 09:00,     270.000
16/06/2014 09:00,     267.000
17/06/2014 09:00,       0.000
18/06/2014 09:00,     523.000
19/06/2014 09:00,     265.000
20/06/2014 09:00,     269.000
21/06/2014 09:00,     268.000
22/06/2014 09:00,     529.000
23/06/2014 09:00,     529.000
24/06/2014 09:00,     267.000
25/06/2014 09:00,     267.000
26/06/2014 09:00,     268.000
27/06/2014 09:00,     270.000
28/06/2014 09:00,     270.000
29/06/2014 09:00,     271.000
30/06/2014 09:00,     271.000
01/07/2014 09:00,     272.000
02/07/2014 09:00,       0.000
03/07/2014 09:00,       0.000
04/07/2014 09:00,       0.000
05/07/2014 09:00,     270.000
06/07/2014 09:00,     543.000
07/07/2014 09:00,    1071.000
08/07/2014 09:00,     814.000
09/07/2014 09:00,     802.000
10/07/2014 09:00,     539.000
11/07/2014 09:00,     542.000
12/07/2014 09:00,    1063.000
13/07/2014 09:00,     545.000
14/07/2014 09:00,     549.000
15/07/2014 09:00,     550.000
16/07/2014 09:00,     554.000
17/07/2014 09:00,       0.000
18/07/2014 09:00,       0.000
19/07/2014 09:00,       0.000
20/07/2014 09:00,       0.000
21/07/2014 09:00,       0.000
22/07/2014 09:00,     557.000
23/07/2014 09:00,     558.000
24/07/2014 09:00,     546.000
25/07/2014 09:00,     519.000
26/07/2014 09:00,     510.000
27/07/2014 09:00,     639.000
28/07/2014 09:00,     637.000
29/07/2014 09:00,     637.000
30/07/2014 09:00,     634.000
31/07/2014 09:00,     642.000
01/08/2014 09:00,     639.000
02/08/2014 09:00,     637.000
03/08/2014 09:00,     637.000
04/08/2014 09:00,     633.000
05/08/2014 09:00,     747.000
06/08/2014 09:00,     983.000
07/08/2014 09:00,     987.000
08/08/2014 09:00,       0.000
09/08/2014 09:00,       0.000
10/08/2014 09:00,     993.000
11/08/2014 09:00,     993.000
12/08/2014 09:00,       0.000
13/08/2014 09:00,     759.000
14/08/2014 09:00,     761.000
15/08/2014 09:00,     770.000
16/08/2014 09:00,     778.000
17/08/2014 09:00,     782.000
18/08/2014 09:00,     789.000
19/08/2014 09:00,     799.000
20/08/2014 09:00,     810.000
21/08/2014 09:00,     826.000
22/08/2014 09:00,     833.000
23/08/2014 09:00,     845.000
24/08/2014 09:00,     854.000
25/08/2014 09:00,     855.000
26/08/2014 09:00,     868.000
27/08/2014 09:00,     871.000
28/08/2014 09:00,     878.000
29/08/2014 09:00,    2018.000
30/08/2014 09:00,    1737.000
31/08/2014 09:00,    1738.000
01/09/2014 09:00,     889.000
02/09/2014 09:00,     913.000
03/09/2014 09:00,     913.000
04/09/2014 09:00,     910.000
05/09/2014 09:00,     909.000
06/09/2014 09:00,     911.000
07/09/2014 09:00,     913.000
08/09/2014 09:00,     917.000
09/09/2014 09:00,     916.000
10/09/2014 09:00,    1211.000
11/09/2014 09:00,    2088.000
12/09/2014 09:00,    2084.000
13/09/2014 09:00,     907.000
14/09/2014 09:00,     305.000
15/09/2014 09:00,     305.000
16/09/2014 09:00,     606.000
17/09/2014 09:00,     603.000
18/09/2014 09:00,     609.000
19/09/2014 09:00,     611.000
20/09/2014 09:00,     612.000
21/09/2014 09:00,     914.000
22/09/2014 09:00,    1214.000
23/09/2014 09:00,    2072.000
24/09/2014 09:00,    2350.000
25/09/2014 09:00,    2348.000
26/09/2014 09:00,    2061.000
27/09/2014 09:00,    2072.000
28/09/2014 09:00,    2071.000
29/09/2014 09:00,    1775.000
30/09/2014 09:00,    2069.000
01/10/2014 09:00,    2633.000
02/10/2014 09:00,    3181.000
03/10/2014 09:00,    2892.000
04/10/2014 09:00,    2622.000
05/10/2014 09:00,    2622.000
06/10/2014 09:00,    3131.000
07/10/2014 09:00,    3110.000
08/10/2014 09:00,    3110.000
09/10/2014 09:00,    3628.000
10/10/2014 09:00,    2791.000
11/10/2014 09:00,    1422.000
12/10/2014 09:00,    1141.000
13/10/2014 09:00,    1414.000
14/10/2014 09:00,    1699.000
15/10/2014 09:00,    3018.000
16/10/2014 09:00,    1955.000
17/10/2014 09:00,    1955.000
18/10/2014 09:00,    2754.000
19/10/2014 09:00,    2478.000
20/10/2014 09:00,    2478.000
21/10/2014 09:00,    3265.000
22/10/2014 09:00,    4005.000
23/10/2014 09:00,    3238.000
24/10/2014 09:00,    2471.000
25/10/2014 09:00,    1931.000
26/10/2014 09:00,    2453.000
27/10/2014 09:00,    3468.000
28/10/2014 09:00,    4218.000
29/10/2014 09:00,    2951.000
30/10/2014 09:00,    1360.000
31/10/2014 09:00,    1362.000
01/11/2014 09:00,    1880.000
02/11/2014 09:00,    2142.000
03/11/2014 09:00,    2639.000
04/11/2014 09:00,    1341.000
05/11/2014 09:00,    1602.000
06/11/2014 09:00,    1604.000
07/11/2014 09:00,    1605.000
08/11/2014 09:00,    2117.000
09/11/2014 09:00,    1867.000
10/11/2014 09:00,    1867.000
11/11/2014 09:00,    2122.000
12/11/2014 09:00,    2128.000
13/11/2014 09:00,    1869.000
14/11/2014 09:00,    1341.000
15/11/2014 09:00,    1878.000
16/11/2014 09:00,    3400.000
17/11/2014 09:00,    3414.000
18/11/2014 09:00,    2389.000
19/11/2014 09:00,    1608.000
20/11/2014 09:00,    1864.000
21/11/2014 09:00,    1860.000
22/11/2014 09:00,    1860.000
23/11/2014 09:00,    2608.000
24/11/2014 09:00,    2113.000
25/11/2014 09:00,    2363.000
26/11/2014 09:00,    3584.000
27/11/2014 09:00,    2845.000
28/11/2014 09:00,    2356.000
29/11/2014 09:00,    2359.000
30/11/2014 09:00,    2347.000
01/12/2014 09:00,    2340.000
02/12/2014 09:00,    1309.000
03/12/2014 09:00,    1557.000
04/12/2014 09:00,     909.000
05/12/2014 09:00,     941.000
06/12/2014 09:00,    2368.000
07/12/2014 09:00,    2871.000
08/12/2014 09:00,    3819.000
09/12/2014 09:00,    3110.000
10/12/2014 09:00,    2380.000
11/12/2014 09:00,    1614.000
12/12/2014 09:00,    1880.000
13/12/2014 09:00,    1883.000
14/12/2014 09:00,    2140.000
15/12/2014 09:00,    2646.000
16/12/2014 09:00,    3139.000
17/12/2014 09:00,    3126.000
18/12/2014 09:00,    2621.000
19/12/2014 09:00,    1853.000
20/12/2014 09:00,    2354.000
21/12/2014 09:00,    2349.000
22/12/2014 09:00,    2097.000
23/12/2014 09:00,    1594.000
24/12/2014 09:00,    2349.000
26/12/2014 09:00,    2830.000
27/12/2014 09:00,    2594.000
28/12/2014 09:00,    2589.000
29/12/2014 09:00,    2848.000
30/12/2014 09:00,    3884.000
31/12/2014 09:00,    4405.000
01/01/2015 09:00,    4146.000
02/01/2015 09:00,    3704.000
03/01/2015 09:00,    3496.000
04/01/2015 09:00,    3473.000
05/01/2015 09:00,    3671.000
06/01/2015 09:00,    3671.000
07/01/2015 09:00,    3879.000
08/01/2015 09:00,    3857.000
09/01/2015 09:00,    3852.000
10/01/2015 09:00,    2953.000
11/01/2015 09:00,    2953.000
12/01/2015 09:00,    2910.000
13/01/2015 09:00,    1985.000
14/01/2015 09:00,    1991.000
15/01/2015 09:00,    1521.000
16/01/2015 09:00,    3383.000
17/01/2015 09:00,    4005.000
18/01/2015 09:00,    3995.000
19/01/2015 09:00,    3802.000
20/01/2015 09:00,    4575.000
21/01/2015 09:00,    4533.000
22/01/2015 09:00,    4107.000
23/01/2015 09:00,    4329.000
24/01/2015 09:00,    4260.000
25/01/2015 09:00,    3980.000
26/01/2015 09:00,    4047.000
27/01/2015 09:00,    4047.000
28/01/2015 09:00,    3848.000
29/01/2015 09:00,    3617.000
30/01/2015 09:00,    3602.000
31/01/2015 09:00,    4148.000
01/02/2015 09:00,    3775.000
02/02/2015 09:00,    4309.000
03/02/2015 09:00,    4852.000
04/02/2015 09:00,    3679.000
05/02/2015 09:00,    3322.000
06/02/2015 09:00,    3478.000
07/02/2015 09:00,    4799.000
08/02/2015 09:00,    4920.000
09/02/2015 09:00,    5207.000
10/02/2015 09:00,    5926.000
11/02/2015 09:00,    6512.000
12/02/2015 09:00,    5836.000
13/02/2015 09:00,    5669.000
14/02/2015 09:00,    5698.000
15/02/2015 09:00,    5712.000
16/02/2015 09:00,    6114.000
17/02/2015 09:00,    6724.000
18/02/2015 09:00,    6629.000
19/02/2015 09:00,    5497.000
20/02/2015 09:00,    3907.000
21/02/2015 09:00,    4736.000
22/02/2015 09:00,    5654.000
23/02/2015 09:00,    5703.000
24/02/2015 09:00,    5612.000
25/02/2015 09:00,    5457.000
26/02/2015 09:00,    4673.000
27/02/2015 09:00,    3934.000
28/02/2015 09:00,    4102.000
01/03/2015 09:00,    3489.000
02/03/2015 09:00,    3846.000
03/03/2015 09:00,    4450.000
04/03/2015 09:00,    4527.000
05/03/2015 09:00,    3757.000
06/03/2015 09:00,    3695.000
07/03/2015 09:00,    3683.000
08/03/2015 09:00,    3600.000
09/03/2015 09:00,    3589.000
10/03/2015 09:00,    3605.000
11/03/2015 09:00,    3663.000
12/03/2015 09:00,    3663.000
13/03/2015 09:00,    3654.000
14/03/2015 09:00,    3550.000
15/03/2015 09:00,    3603.000
16/03/2015 09:00,    3646.000
17/03/2015 09:00,    3629.000
18/03/2015 09:00,    3364.000
19/03/2015 09:00,    3532.000
20/03/2015 09:00,    2552.000
21/03/2015 09:00,    2685.000
22/03/2015 09:00,    2709.000
23/03/2015 09:00,    2709.000
24/03/2015 09:00,    2644.000
25/03/2015 09:00,    3003.000
26/03/2015 09:00,    2910.000
27/03/2015 09:00,    2704.000
28/03/2015 09:00,    2023.000
29/03/2015 09:00,    1812.000
30/03/2015 09:00,    1897.000
31/03/2015 09:00,    2227.000
01/04/2015 09:00,    2391.000
02/04/2015 09:00,    2248.000
03/04/2015 09:00,    1670.000
04/04/2015 09:00,    1073.000
05/04/2015 09:00,    1070.000
06/04/2015 09:00,     797.000
07/04/2015 09:00,     791.000
08/04/2015 09:00,     799.000
09/04/2015 09:00,    1363.000
10/04/2015 09:00,    1469.000
11/04/2015 09:00,     808.000
12/04/2015 09:00,    1240.000
13/04/2015 09:00,    1610.000
14/04/2015 09:00,    1579.000
15/04/2015 09:00,    1208.000
16/04/2015 09:00,     641.000
17/04/2015 09:00,     795.000
18/04/2015 09:00,     650.000
19/04/2015 09:00,     495.000
20/04/2015 09:00,     505.000
21/04/2015 09:00,    1172.000
22/04/2015 09:00,    2625.000
23/04/2015 09:00,     782.000
24/04/2015 09:00,     695.000
25/04/2015 09:00,     703.000
26/04/2015 09:00,     741.000
27/04/2015 09:00,     932.000
28/04/2015 09:00,    1107.000
29/04/2015 09:00,     941.000
30/04/2015 09:00,    1132.000
01/05/2015 09:00,    1132.000
02/05/2015 09:00,     984.000
03/05/2015 09:00,    1341.000
04/05/2015 09:00,     984.000
05/05/2015 09:00,     817.000
06/05/2015 09:00,    1414.000
07/05/2015 09:00,    2107.000
08/05/2015 09:00,    1768.000
09/05/2015 09:00,    1605.000
10/05/2015 09:00,    1619.000
11/05/2015 09:00,    1624.000
12/05/2015 09:00,    1818.000
13/05/2015 09:00,    1989.000
14/05/2015 09:00,    1442.000
15/05/2015 09:00,    1252.000
16/05/2015 09:00,    1063.000
17/05/2015 09:00,    1065.000
18/05/2015 09:00,    1074.000
19/05/2015 09:00,    1077.000
20/05/2015 09:00,     866.000
21/05/2015 09:00,     656.000
22/05/2015 09:00,     655.000
23/05/2015 09:00,     667.000
24/05/2015 09:00,     893.000
25/05/2015 09:00,    1325.000
26/05/2015 09:00,    1537.000
27/05/2015 09:00,    1541.000
28/05/2015 09:00,    1133.000
29/05/2015 09:00,     926.000
30/05/2015 09:00,    1371.000
31/05/2015 09:00,    1791.000
01/06/2015 09:00,    1159.000
02/06/2015 09:00,     940.000
03/06/2015 09:00,     945.000
04/06/2015 09:00,    1172.000
05/06/2015 09:00,     724.000
06/06/2015 09:00,    1192.000
07/06/2015 09:00,    1201.000
08/06/2015 09:00,     731.000
09/06/2015 09:00,     739.000
10/06/2015 09:00,     745.000
11/06/2015 09:00,     749.000
12/06/2015 09:00,     753.000
13/06/2015 09:00,    1000.000
14/06/2015 09:00,     757.000
15/06/2015 09:00,     511.000
16/06/2015 09:00,     518.000
17/06/2015 09:00,     773.000
18/06/2015 09:00,    1272.000
19/06/2015 09:00,    1027.000
20/06/2015 09:00,    1033.000
21/06/2015 09:00,    1287.000
22/06/2015 09:00,    1287.000
23/06/2015 09:00,    1041.000
24/06/2015 09:00,    1045.000
25/06/2015 09:00,    1047.000
26/06/2015 09:00,    1296.000
27/06/2015 09:00,    1297.000
28/06/2015 09:00,    1046.000
29/06/2015 09:00,    1047.000
30/06/2015 09:00,    1050.000
01/07/2015 09:00,    2020.000
02/07/2015 09:00,    2250.000
03/07/2015 09:00,    1024.000
04/07/2015 09:00,    1007.000
05/07/2015 09:00,    1729.000
06/07/2015 09:00,    1725.000
07/07/2015 09:00,    1701.000
08/07/2015 09:00,    1221.000
09/07/2015 09:00,     978.000
10/07/2015 09:00,    1935.000
11/07/2015 09:00,    1935.000
12/07/2015 09:00,    1935.000
13/07/2015 09:00,    1931.000
14/07/2015 09:00,    1924.000
15/07/2015 09:00,     741.000
16/07/2015 09:00,    1236.000
17/07/2015 09:00,    1260.000
18/07/2015 09:00,    2923.000
19/07/2015 09:00,    3367.000
20/07/2015 09:00,    3115.000
21/07/2015 09:00,    2670.000
22/07/2015 09:00,    1510.000
23/07/2015 09:00,    1765.000
24/07/2015 09:00,    1754.000
25/07/2015 09:00,    1266.000
26/07/2015 09:00,     779.000
27/07/2015 09:00,    1539.000
28/07/2015 09:00,    2525.000
29/07/2015 09:00,    4107.000
30/07/2015 09:00,    5289.000
01/08/2015 09:00,    3573.000
02/08/2015 09:00,    3130.000
03/08/2015 09:00,    3130.000
04/08/2015 09:00,    3355.000
05/08/2015 09:00,    3750.000
06/08/2015 09:00,    3318.000
07/08/2015 09:00,    2889.000
08/08/2015 09:00,    2676.000
09/08/2015 09:00,    2676.000
10/08/2015 09:00,    2879.000
11/08/2015 09:00,    2444.000
12/08/2015 09:00,    3732.000
13/08/2015 09:00,    3078.000
14/08/2015 09:00,    2858.000
15/08/2015 09:00,    2636.000
16/08/2015 09:00,    2182.000
17/08/2015 09:00,    2402.000
18/08/2015 09:00,    1958.000
19/08/2015 09:00,    1250.000
20/08/2015 09:00,    1258.000
21/08/2015 09:00,     768.000
22/08/2015 09:00,     770.000
23/08/2015 09:00,    1023.000
24/08/2015 09:00,    1022.000
25/08/2015 09:00,     774.000
26/08/2015 09:00,     777.000
27/08/2015 09:00,     522.000
28/08/2015 09:00,    1291.000
29/08/2015 09:00,    1545.000
30/08/2015 09:00,    1304.000
31/08/2015 09:00,    1312.000
01/09/2015 09:00,    3236.000
02/09/2015 09:00,    3026.000
03/09/2015 09:00,    2471.000
04/09/2015 09:00,    2057.000
05/09/2015 09:00,     950.000
06/09/2015 09:00,     712.000
07/09/2015 09:00,    1165.000
08/09/2015 09:00,    1414.000
09/09/2015 09:00,     957.000
10/09/2015 09:00,     469.000
11/09/2015 09:00,     471.000
12/09/2015 09:00,    1190.000
13/09/2015 09:00,    1446.000
14/09/2015 09:00,     979.000
15/09/2015 09:00,     475.000
16/09/2015 09:00,     997.000
17/09/2015 09:00,     745.000
18/09/2015 09:00,    1221.000
19/09/2015 09:00,    1225.000
20/09/2015 09:00,    1230.000
21/09/2015 09:00,    1233.000
22/09/2015 09:00,    1236.000
23/09/2015 09:00,    1754.000
24/09/2015 09:00,    1756.000
25/09/2015 09:00,    1244.000
26/09/2015 09:00,    1246.000
27/09/2015 09:00,    1027.000
28/09/2015 09:00,    1027.000
29/09/2015 09:00,    1249.000
30/09/2015 09:00,    1511.000
01/10/2015 09:00,    2239.000
02/10/2015 09:00,    3196.000
03/10/2015 09:00,    4572.000
04/10/2015 09:00,    4075.000
05/10/2015 09:00,    4542.000
06/10/2015 09:00,    4527.000
07/10/2015 09:00,    4268.000
08/10/2015 09:00,    4490.000
09/10/2015 09:00,    4478.000
10/10/2015 09:00,    4243.000
11/10/2015 09:00,    4225.000
14/10/2015 09:00,    4819.000
15/10/2015 09:00,    4802.000
16/10/2015 09:00,    4122.000
17/10/2015 09:00,    4101.000
18/10/2015 09:00,    4094.000
19/10/2015 09:00,    4083.000
20/10/2015 09:00,    1420.000
21/10/2015 09:00,     719.000
22/10/2015 09:00,     965.000
23/10/2015 09:00,     686.000
24/10/2015 09:00,    1153.000
25/10/2015 09:00,    1421.000
26/10/2015 09:00,    1658.000
27/10/2015 09:00,    1658.000
28/10/2015 09:00,    1658.000
29/10/2015 09:00,    1418.000
30/10/2015 09:00,     720.000
31/10/2015 09:00,     254.000
01/11/2015 09:00,     721.000
02/11/2015 09:00,     970.000
03/11/2015 09:00,     723.000
04/11/2015 09:00,     972.000
05/11/2015 09:00,     726.000
06/11/2015 09:00,     727.000
07/11/2015 09:00,     729.000
08/11/2015 09:00,     981.000
09/11/2015 09:00,    1446.000
10/11/2015 09:00,    2145.000
11/11/2015 09:00,    1901.000
12/11/2015 09:00,    1904.000
13/11/2015 09:00,    1906.000
14/11/2015 09:00,    1260.000
15/11/2015 09:00,     972.000
16/11/2015 09:00,     975.000
17/11/2015 09:00,     979.000
18/11/2015 09:00,     980.000
19/11/2015 09:00,    1002.000
20/11/2015 09:00,    1004.000
21/11/2015 09:00,     485.000
22/11/2015 09:00,    1007.000
23/11/2015 09:00,    1009.000
24/11/2015 09:00,     752.000
25/11/2015 09:00,    1012.000
26/11/2015 09:00,    1012.000
27/11/2015 09:00,    1489.000
28/11/2015 09:00,    2205.000
29/11/2015 09:00,    1953.000
30/11/2015 09:00,    1487.000
01/12/2015 09:00,    2904.000
02/12/2015 09:00,    2650.000
03/12/2015 09:00,    2645.000
04/12/2015 09:00,    2188.000
05/12/2015 09:00,    1726.000
06/12/2015 09:00,    2184.000
07/12/2015 09:00,    2630.000
08/12/2015 09:00,    3985.000
09/12/2015 09:00,    4207.000
10/12/2015 09:00,    4193.000
11/12/2015 09:00,    3280.000
12/12/2015 09:00,    3028.000
13/12/2015 09:00,    3500.000
14/12/2015 09:00,    3491.000
15/12/2015 09:00,    3482.000
16/12/2015 09:00,    2369.000
17/12/2015 09:00,    2126.000
18/12/2015 09:00,    2124.000
19/12/2015 09:00,    2798.000
20/12/2015 09:00,    3215.000
21/12/2015 09:00,    3665.000
22/12/2015 09:00,    2763.000
23/12/2015 09:00,    2763.000
24/12/2015 09:00,    2545.000
26/12/2015 09:00,    2978.000
27/12/2015 09:00,    3160.000
28/12/2015 09:00,    3377.000
29/12/2015 09:00,    2951.000
30/12/2015 09:00,    2718.000
31/12/2015 09:00,    2716.000
01/01/2016 09:00,    2937.000
02/01/2016 09:00,    3113.000
03/01/2016 09:00,    3333.000
04/01/2016 09:00,    3099.000
05/01/2016 09:00,    2688.000
06/01/2016 09:00,    2907.000
07/01/2016 09:00,    2019.000
08/01/2016 09:00,    1591.000
09/01/2016 09:00,    1790.000
10/01/2016 09:00,    2882.000
11/01/2016 09:00,    2657.000
12/01/2016 09:00,    2649.000
13/01/2016 09:00,    3048.000
14/01/2016 09:00,    3252.000
15/01/2016 09:00,    3454.000
16/01/2016 09:00,    4225.000
17/01/2016 09:00,    3433.000
18/01/2016 09:00,    2997.000
19/01/2016 09:00,    2990.000
20/01/2016 09:00,    2582.000
21/01/2016 09:00,    2794.000
22/01/2016 09:00,    2579.000
23/01/2016 09:00,    1953.000
24/01/2016 09:00,    1953.000
25/01/2016 09:00,    1730.000
26/01/2016 09:00,    2171.000
27/01/2016 09:00,    2571.000
28/01/2016 09:00,    2779.000
29/01/2016 09:00,    2777.000
30/01/2016 09:00,    2777.000
31/01/2016 09:00,    2160.000
01/02/2016 09:00,    2947.000
02/02/2016 09:00,    3157.000
03/02/2016 09:00,    2748.000
04/02/2016 09:00,    2534.000
05/02/2016 09:00,    2528.000
06/02/2016 09:00,    2736.000
07/02/2016 09:00,    2733.000
08/02/2016 09:00,    2904.000
09/02/2016 09:00,    4623.000
10/02/2016 09:00,    4800.000
11/02/2016 09:00,    4021.000
12/02/2016 09:00,    3069.000
13/02/2016 09:00,    3639.000
14/02/2016 09:00,    3812.000
15/02/2016 09:00,    3795.000
16/02/2016 09:00,    3777.000
17/02/2016 09:00,    2638.000
18/02/2016 09:00,    2053.000
19/02/2016 09:00,    1635.000
20/02/2016 09:00,    2421.000
21/02/2016 09:00,    2619.000
22/02/2016 09:00,    2613.000
23/02/2016 09:00,    2607.000
24/02/2016 09:00,    4395.000
25/02/2016 09:00,    4556.000
26/02/2016 09:00,    5367.000
27/02/2016 09:00,    4987.000
28/02/2016 09:00,    4780.000
29/02/2016 09:00,    4749.000
01/03/2016 09:00,    3895.000
02/03/2016 09:00,    4208.000
03/03/2016 09:00,    4174.000
04/03/2016 09:00,    4493.000
05/03/2016 09:00,    3979.000
06/03/2016 09:00,    3291.000
07/03/2016 09:00,    3278.000
08/03/2016 09:00,    3260.000
09/03/2016 09:00,    3246.000
10/03/2016 09:00,    3041.000
11/03/2016 09:00,    4167.000
12/03/2016 09:00,    4136.000
13/03/2016 09:00,    3643.000
14/03/2016 09:00,    3783.000
15/03/2016 09:00,    3749.000
16/03/2016 09:00,    4023.000
17/03/2016 09:00,    3555.000
18/03/2016 09:00,    2891.000
19/03/2016 09:00,    2891.000
20/03/2016 09:00,    3643.000
21/03/2016 09:00,    3620.000
22/03/2016 09:00,    3297.000
23/03/2016 09:00,    3275.000
24/03/2016 09:00,    2679.000
25/03/2016 09:00,    3108.000
26/03/2016 09:00,    3087.000
27/03/2016 09:00,    3199.000
28/03/2016 09:00,    3584.000
29/03/2016 09:00,    3932.000
30/03/2016 09:00,    3655.000
31/03/2016 09:00,    2691.000
01/04/2016 09:00,    1806.000
02/04/2016 09:00,    1797.000
03/04/2016 09:00,    1628.000
04/04/2016 09:00,    1185.000
05/04/2016 09:00,    1653.000
06/04/2016 09:00,    1636.000
07/04/2016 09:00,    1785.000
08/04/2016 09:00,    2077.000
09/04/2016 09:00,    2915.000
10/04/2016 09:00,    3550.000
11/04/2016 09:00,    3670.000
12/04/2016 09:00,    3291.000
13/04/2016 09:00,    3278.000
14/04/2016 09:00,    3976.000
15/04/2016 09:00,    3743.000
16/04/2016 09:00,    2191.000
17/04/2016 09:00,     993.000
18/04/2016 09:00,    2195.000
19/04/2016 09:00,    3352.000
20/04/2016 09:00,    2848.000
21/04/2016 09:00,    2554.000
22/04/2016 09:00,    3028.000
23/04/2016 09:00,    2774.000
24/04/2016 09:00,    2768.000
25/04/2016 09:00,    2488.000
26/04/2016 09:00,    2236.000
27/04/2016 09:00,    2088.000
28/04/2016 09:00,    2342.000
29/04/2016 09:00,    2436.000
30/04/2016 09:00,     948.000
01/05/2016 09:00,     792.000
02/05/2016 09:00,    1109.000
03/05/2016 09:00,    1249.000
04/05/2016 09:00,    1392.000
05/05/2016 09:00,    1240.000
06/05/2016 09:00,     955.000
07/05/2016 09:00,     795.000
08/05/2016 09:00,     803.000
09/05/2016 09:00,    1130.000
10/05/2016 09:00,     973.000
11/05/2016 09:00,     811.000
12/05/2016 09:00,     983.000
13/05/2016 09:00,    1155.000
14/05/2016 09:00,     999.000
15/05/2016 09:00,    1005.000
16/05/2016 09:00,    1004.000
17/05/2016 09:00,    1016.000
18/05/2016 09:00,    1022.000
19/05/2016 09:00,     853.000
20/05/2016 09:00,     858.000
21/05/2016 09:00,     711.000
22/05/2016 09:00,     868.000
23/05/2016 09:00,    1051.000
24/05/2016 09:00,    1054.000
25/05/2016 09:00,    1062.000
26/05/2016 09:00,     728.000
27/05/2016 09:00,     734.000
28/05/2016 09:00,    1078.000
29/05/2016 09:00,    1086.000
30/05/2016 09:00,    1427.000
31/05/2016 09:00,    1439.000
01/06/2016 09:00,     917.000
02/06/2016 09:00,     761.000
03/06/2016 09:00,     767.000
04/06/2016 09:00,     935.000
05/06/2016 09:00,     942.000
06/06/2016 09:00,     783.000
07/06/2016 09:00,     788.000
08/06/2016 09:00,     795.000
09/06/2016 09:00,     600.000
10/06/2016 09:00,     601.000
11/06/2016 09:00,     810.000
12/06/2016 09:00,     813.000
13/06/2016 09:00,     819.000
14/06/2016 09:00,     998.000
15/06/2016 09:00,    1002.000
16/06/2016 09:00,    1008.000
17/06/2016 09:00,    1011.000
18/06/2016 09:00,     835.000
19/06/2016 09:00,     627.000
20/06/2016 09:00,     843.000
21/06/2016 09:00,     634.000
22/06/2016 09:00,     635.000
23/06/2016 09:00,     639.000
24/06/2016 09:00,     641.000
25/06/2016 09:00,     862.000
26/06/2016 09:00,     866.000
27/06/2016 09:00,     870.000
28/06/2016 09:00,     874.000
29/06/2016 09:00,     880.000
30/06/2016 09:00,    1076.000
01/07/2016 09:00,    1525.000
02/07/2016 09:00,     433.000
03/07/2016 09:00,     435.000
04/07/2016 09:00,     439.000
05/07/2016 09:00,     441.000
06/07/2016 09:00,     444.000
07/07/2016 09:00,     689.000
08/07/2016 09:00,     693.000
09/07/2016 09:00,     697.000
10/07/2016 09:00,     702.000
11/07/2016 09:00,     706.000
12/07/2016 09:00,     710.000
13/07/2016 09:00,     712.000
14/07/2016 09:00,     716.000
15/07/2016 09:00,     720.000
16/07/2016 09:00,     720.000
17/07/2016 09:00,     726.000
18/07/2016 09:00,     732.000
19/07/2016 09:00,     734.000
20/07/2016 09:00,     737.000
21/07/2016 09:00,     718.000
22/07/2016 09:00,     643.000
23/07/2016 09:00,     577.000
24/07/2016 09:00,     573.000
25/07/2016 09:00,     571.000
26/07/2016 09:00,     539.000
27/07/2016 09:00,     520.000
28/07/2016 09:00,     491.000
29/07/2016 09:00,    1406.000
30/07/2016 09:00,    2061.000
31/07/2016 09:00,    2783.000
01/08/2016 09:00,    3208.000
02/08/2016 09:00,    3428.000
03/08/2016 09:00,    2796.000
04/08/2016 09:00,    3040.000
05/08/2016 09:00,    3008.000
06/08/2016 09:00,    2971.000
07/08/2016 09:00,    2945.000
08/08/2016 09:00,    2934.000
09/08/2016 09:00,    2883.000
10/08/2016 09:00,    2810.000
11/08/2016 09:00,    2766.000
12/08/2016 09:00,    2932.000
13/08/2016 09:00,    2886.000
14/08/2016 09:00,    3072.000
15/08/2016 09:00,    3049.000
16/08/2016 09:00,    3031.000
17/08/2016 09:00,    2993.000
18/08/2016 09:00,    2950.000
19/08/2016 09:00,    2893.000
20/08/2016 09:00,    1110.000
21/08/2016 09:00,    1110.000
22/08/2016 09:00,     306.000
23/08/2016 09:00,     606.000
24/08/2016 09:00,     472.000
25/08/2016 09:00,     484.000
26/08/2016 09:00,     496.000
27/08/2016 09:00,     501.000
28/08/2016 09:00,     503.000
29/08/2016 09:00,     501.000
30/08/2016 09:00,     503.000
31/08/2016 09:00,     499.000
01/09/2016 09:00,     490.000
02/09/2016 09:00,     477.000
03/09/2016 09:00,     472.000
04/09/2016 09:00,     471.000
05/09/2016 09:00,     466.000
06/09/2016 09:00,    1099.000
07/09/2016 09:00,    1827.000
08/09/2016 09:00,    2376.000
09/09/2016 09:00,    2960.000
10/09/2016 09:00,    4243.000
11/09/2016 09:00,    4231.000
12/09/2016 09:00,    4217.000
13/09/2016 09:00,    6048.000
14/09/2016 09:00,    5284.000
15/09/2016 09:00,    5508.000
16/09/2016 09:00,    5458.000
17/09/2016 09:00,    5480.000
18/09/2016 09:00,    5404.000
19/09/2016 09:00,    5386.000
20/09/2016 09:00,    5380.000
21/09/2016 09:00,    4617.000
22/09/2016 09:00,    3341.000
23/09/2016 09:00,    2768.000
24/09/2016 09:00,    1663.000
25/09/2016 09:00,    1666.000
26/09/2016 09:00,    1670.000
27/09/2016 09:00,     983.000
28/09/2016 09:00,     411.000
29/09/2016 09:00,     532.000
30/09/2016 09:00,     505.000
01/10/2016 09:00,     508.000
02/10/2016 09:00,     516.000
03/10/2016 09:00,     518.000
04/10/2016 09:00,     522.000
05/10/2016 09:00,     521.000
06/10/2016 09:00,    2733.000
07/10/2016 09:00,    3456.000
08/10/2016 09:00,    3404.000
09/10/2016 09:00,    3388.000
10/10/2016 09:00,    3331.000
11/10/2016 09:00,    4242.000
12/10/2016 09:00,    5350.000
13/10/2016 09:00,    5174.000
14/10/2016 09:00,    5038.000
15/10/2016 09:00,    3816.000
16/10/2016 09:00,    2729.000
17/10/2016 09:00,    1746.000
18/10/2016 09:00,     896.000
19/10/2016 09:00,     411.000
20/10/2016 09:00,     535.000
21/10/2016 09:00,     535.000
22/10/2016 09:00,     531.000
23/10/2016 09:00,     536.000
24/10/2016 09:00,     543.000
25/10/2016 09:00,     550.000
26/10/2016 09:00,     548.000
27/10/2016 09:00,     544.000
28/10/2016 09:00,     545.000
29/10/2016 09:00,     543.000
30/10/2016 09:00,     543.000
31/10/2016 09:00,     547.000
01/11/2016 09:00,     549.000
02/11/2016 09:00,     548.000
03/11/2016 09:00,     550.000
04/11/2016 09:00,     553.000
05/11/2016 09:00,     551.000
06/11/2016 09:00,     550.000
07/11/2016 09:00,     554.000
08/11/2016 09:00,     548.000
09/11/2016 09:00,     549.000
10/11/2016 09:00,     548.000
11/11/2016 09:00,    1398.000
12/11/2016 09:00,    2366.000
13/11/2016 09:00,    3408.000
14/11/2016 09:00,    2982.000
15/11/2016 09:00,    4024.000
16/11/2016 09:00,    5295.000
17/11/2016 09:00,    4833.000
18/11/2016 09:00,    4931.000
19/11/2016 09:00,    4827.000
20/11/2016 09:00,    5712.000
21/11/2016 09:00,    5434.000
22/11/2016 09:00,    5296.000
23/11/2016 09:00,    5609.000
24/11/2016 09:00,    5523.000
25/11/2016 09:00,    5593.000
26/11/2016 09:00,    4971.000
27/11/2016 09:00,    5124.000
28/11/2016 09:00,    5137.000
29/11/2016 09:00,    4954.000
30/11/2016 09:00,    4309.000
01/12/2016 09:00,    3837.000
02/12/2016 09:00,    3348.000
03/12/2016 09:00,    3408.000
04/12/2016 09:00,    3456.000
05/12/2016 09:00,    3464.000
06/12/2016 09:00,    3536.000
07/12/2016 09:00,    3586.000
08/12/2016 09:00,    3478.000
09/12/2016 09:00,    3491.000
10/12/2016 09:00,    3551.000
11/12/2016 09:00,    3611.000
12/12/2016 09:00,    3477.000
13/12/2016 09:00,    3548.000
14/12/2016 09:00,    3589.000
15/12/2016 09:00,    3835.000
16/12/2016 09:00,    3936.000
17/12/2016 09:00,    3934.000
18/12/2016 09:00,    3313.000
19/12/2016 09:00,    3502.000
20/12/2016 09:00,    4531.000
21/12/2016 09:00,    5108.000
22/12/2016 09:00,    5001.000
23/12/2016 09:00,    4334.000
24/12/2016 09:00,    3948.000
26/12/2016 09:00,    4055.000
27/12/2016 09:00,    4048.000
28/12/2016 09:00,    4056.000
29/12/2016 09:00,    4095.000
30/12/2016 09:00,    4082.000
31/12/2016 09:00,    4072.000
01/01/2017 09:00,    1010.000
02/01/2017 09:00,     551.000
03/01/2017 09:00,    1883.000
04/01/2017 09:00,    2205.000
05/01/2017 09:00,    2450.000
06/01/2017 09:00,    2899.000
07/01/2017 09:00,    3134.000
08/01/2017 09:00,    3330.000
09/01/2017 09:00,    3319.000
10/01/2017 09:00,    3314.000
11/01/2017 09:00,    3542.000
12/01/2017 09:00,    6150.000
13/01/2017 09:00,    6529.000
14/01/2017 09:00,    5229.000
15/01/2017 09:00,    5202.000
16/01/2017 09:00,    5813.000
17/01/2017 09:00,    4751.000
18/01/2017 09:00,    4725.000
19/01/2017 09:00,    7173.000
20/01/2017 09:00,    6141.000
21/01/2017 09:00,    4433.000
22/01/2017 09:00,    4012.000
23/01/2017 09:00,    4001.000
24/01/2017 09:00,    1388.000
25/01/2017 09:00,    1388.000
26/01/2017 09:00,    2282.000
27/01/2017 09:00,    2277.000
28/01/2017 09:00,    2046.000
29/01/2017 09:00,    2269.000
30/01/2017 09:00,    2910.000
31/01/2017 09:00,    3307.000
01/02/2017 09:00,    3078.000
02/02/2017 09:00,    3691.000
03/02/2017 09:00,    3676.000
04/02/2017 09:00,    3048.000
05/02/2017 09:00,    2636.000
06/02/2017 09:00,    2408.000
07/02/2017 09:00,    2217.000
08/02/2017 09:00,     685.000
09/02/2017 09:00,     685.000
10/02/2017 09:00,     685.000
11/02/2017 09:00,    2626.000
12/02/2017 09:00,    3621.000
13/02/2017 09:00,    2603.000
14/02/2017 09:00,    2595.000
15/02/2017 09:00,    1967.000
16/02/2017 09:00,    1961.000
17/02/2017 09:00,    1735.000
18/02/2017 09:00,    1732.000
19/02/2017 09:00,    1949.000
20/02/2017 09:00,    1945.000
21/02/2017 09:00,     668.000
22/02/2017 09:00,     434.000
23/02/2017 09:00,     433.000
24/02/2017 09:00,     433.000
25/02/2017 09:00,    1087.000
26/02/2017 09:00,     894.000
27/02/2017 09:00,     668.000
28/02/2017 09:00,     896.000
01/03/2017 09:00,     668.000
02/03/2017 09:00,     667.000
03/03/2017 09:00,    1310.000
04/03/2017 09:00,    1935.000
05/03/2017 09:00,    1527.000
06/03/2017 09:00,    1078.000
07/03/2017 09:00,    1707.000
08/03/2017 09:00,    3134.000
09/03/2017 09:00,    2913.000
10/03/2017 09:00,    2904.000
11/03/2017 09:00,    3478.000
12/03/2017 09:00,    3667.000
13/03/2017 09:00,    4207.000
14/03/2017 09:00,    4746.000
15/03/2017 09:00,    4178.000
16/03/2017 09:00,    4680.000
17/03/2017 09:00,    5191.000
18/03/2017 09:00,    7179.000
19/03/2017 09:00,    6299.000
20/03/2017 09:00,    5408.000
21/03/2017 09:00,    5045.000
22/03/2017 09:00,    5167.000
23/03/2017 09:00,    5454.000
24/03/2017 09:00,    5418.000
25/03/2017 09:00,    4724.000
26/03/2017 09:00,    4692.000
27/03/2017 09:00,    5156.000
28/03/2017 09:00,    5091.000
29/03/2017 09:00,    4449.000
30/03/2017 09:00,    2939.000
31/03/2017 09:00,    2230.000
01/04/2017 09:00,    1697.000
02/04/2017 09:00,    1690.000
03/04/2017 09:00,    2214.000
04/04/2017 09:00,    2208.000
05/04/2017 09:00,    1331.000
06/04/2017 09:00,     944.000
07/04/2017 09:00,    1331.000
08/04/2017 09:00,    1684.000
09/04/2017 09:00,    1484.000
10/04/2017 09:00,    2205.000
11/04/2017 09:00,    3210.000
12/04/2017 09:00,    3210.000
13/04/2017 09:00,    2025.000
14/04/2017 09:00,    2028.000
15/04/2017 09:00,    1690.000
16/04/2017 09:00,    1690.000
17/04/2017 09:00,    2230.000
18/04/2017 09:00,    2233.000
19/04/2017 09:00,    2233.000
20/04/2017 09:00,      22.000
21/04/2017 09:00,    2576.000
22/04/2017 09:00,    1704.000
23/04/2017 09:00,    1706.000
24/04/2017 09:00,    1516.000
25/04/2017 09:00,    1358.000
26/04/2017 09:00,     794.000
27/04/2017 09:00,     967.000
28/04/2017 09:00,     972.000
29/04/2017 09:00,    1945.000
30/04/2017 09:00,    1943.000
01/05/2017 09:00,    1757.000
02/05/2017 09:00,    1762.000
03/05/2017 09:00,    1201.000
04/05/2017 09:00,    1581.000
05/05/2017 09:00,    1590.000
06/05/2017 09:00,    1010.000
07/05/2017 09:00,     623.000
08/05/2017 09:00,     625.000
09/05/2017 09:00,    1231.000
10/05/2017 09:00,    1232.000
11/05/2017 09:00,    1820.000
12/05/2017 09:00,    2191.000
13/05/2017 09:00,    2387.000
14/05/2017 09:00,    2385.000
15/05/2017 09:00,    1225.000
16/05/2017 09:00,     837.000
17/05/2017 09:00,     836.000
18/05/2017 09:00,     837.000
19/05/2017 09:00,     838.000
20/05/2017 09:00,     838.000
21/05/2017 09:00,     838.000
22/05/2017 09:00,     840.000
23/05/2017 09:00,     840.000
24/05/2017 09:00,     840.000
25/05/2017 09:00,     840.000
26/05/2017 09:00,     627.000
27/05/2017 09:00,     628.000
28/05/2017 09:00,     628.000
29/05/2017 09:00,     629.000
30/05/2017 09:00,     630.000
31/05/2017 09:00,     630.000
01/06/2017 09:00,     631.000
02/06/2017 09:00,     633.000
03/06/2017 09:00,     635.000
04/06/2017 09:00,     637.000
05/06/2017 09:00,    1040.000
06/06/2017 09:00,    1259.000
07/06/2017 09:00,    1262.000
08/06/2017 09:00,    1046.000
09/06/2017 09:00,     644.000
10/06/2017 09:00,     646.000
11/06/2017 09:00,     647.000
12/06/2017 09:00,    1055.000
13/06/2017 09:00,    1278.000
14/06/2017 09:00,     652.000
15/06/2017 09:00,     653.000
16/06/2017 09:00,     877.000
17/06/2017 09:00,    2509.000
18/06/2017 09:00,    3096.000
19/06/2017 09:00,    2885.000
20/06/2017 09:00,    2501.000
21/06/2017 09:00,    1061.000
22/06/2017 09:00,    1283.000
23/06/2017 09:00,    2111.000
24/06/2017 09:00,    1282.000
25/06/2017 09:00,    1897.000
26/06/2017 09:00,    1895.000
27/06/2017 09:00,    1679.000
28/06/2017 09:00,    1677.000
29/06/2017 09:00,    1675.000
30/06/2017 09:00,    1492.000
01/07/2017 09:00,     650.000
02/07/2017 09:00,    1057.000
03/07/2017 09:00,    1675.000
04/07/2017 09:00,    1673.000
05/07/2017 09:00,    1490.000
06/07/2017 09:00,    1055.000
07/07/2017 09:00,    1056.000
08/07/2017 09:00,    1275.000
09/07/2017 09:00,    1056.000
10/07/2017 09:00,     870.000
11/07/2017 09:00,    1055.000
12/07/2017 09:00,    1275.000
13/07/2017 09:00,    1055.000
14/07/2017 09:00,     648.000
15/07/2017 09:00,    1036.000
16/07/2017 09:00,    1036.000
17/07/2017 09:00,     827.000
18/07/2017 09:00,     827.000
19/07/2017 09:00,    1487.000
20/07/2017 09:00,    1274.000
21/07/2017 09:00,    1019.000
22/07/2017 09:00,     574.000
23/07/2017 09:00,     591.000
24/07/2017 09:00,     830.000
25/07/2017 09:00,     613.000
26/07/2017 09:00,    1493.000
27/07/2017 09:00,    2488.000
28/07/2017 09:00,    1886.000
29/07/2017 09:00,    1279.000
30/07/2017 09:00,     422.000
31/07/2017 09:00,     422.000
01/08/2017 09:00,    1497.000
02/08/2017 09:00,     873.000
03/08/2017 09:00,     874.000
04/08/2017 09:00,     879.000
05/08/2017 09:00,    1069.000
06/08/2017 09:00,    1070.000
07/08/2017 09:00,    1073.000
08/08/2017 09:00,    1297.000
09/08/2017 09:00,    1300.000
10/08/2017 09:00,    1302.000
11/08/2017 09:00,    1301.000
12/08/2017 09:00,    1304.000
13/08/2017 09:00,    1525.000
14/08/2017 09:00,    1527.000
15/08/2017 09:00,    1308.000
16/08/2017 09:00,    1312.000
17/08/2017 09:00,    1316.000
18/08/2017 09:00,    1089.000
19/08/2017 09:00,    1093.000
20/08/2017 09:00,     904.000
21/08/2017 09:00,     678.000
22/08/2017 09:00,     681.000
23/08/2017 09:00,     918.000
24/08/2017 09:00,     922.000
25/08/2017 09:00,    1784.000
26/08/2017 09:00,    1368.000
27/08/2017 09:00,     697.000
28/08/2017 09:00,     454.000
29/08/2017 09:00,     945.000
30/08/2017 09:00,     708.000
31/08/2017 09:00,     461.000
01/09/2017 09:00,    1649.000
02/09/2017 09:00,    1415.000
03/09/2017 09:00,     721.000
04/09/2017 09:00,     724.000
05/09/2017 09:00,    1678.000
06/09/2017 09:00,    1684.000
07/09/2017 09:00,     734.000
08/09/2017 09:00,     477.000
09/09/2017 09:00,    1459.000
10/09/2017 09:00,    2170.000
11/09/2017 09:00,    2177.000
12/09/2017 09:00,    1219.000
13/09/2017 09:00,     486.000
14/09/2017 09:00,     488.000
15/09/2017 09:00,     488.000
16/09/2017 09:00,     488.000
17/09/2017 09:00,     493.000
18/09/2017 09:00,     495.000
19/09/2017 09:00,     497.000
20/09/2017 09:00,     499.000
21/09/2017 09:00,     501.000
22/09/2017 09:00,     502.000
23/09/2017 09:00,     504.000
24/09/2017 09:00,     505.000
25/09/2017 09:00,    1801.000
26/09/2017 09:00,    1273.000
27/09/2017 09:00,    1275.000
28/09/2017 09:00,    1275.000
29/09/2017 09:00,    1808.000
30/09/2017 09:00,    1805.000
01/10/2017 09:00,    3020.000
02/10/2017 09:00,    3482.000
03/10/2017 09:00,    3477.000
04/10/2017 09:00,    3472.000
05/10/2017 09:00,    3964.000
06/10/2017 09:00,    4650.000
07/10/2017 09:00,    3234.000
08/10/2017 09:00,    3229.000
09/10/2017 09:00,    4128.000
10/10/2017 09:00,    4122.000
11/10/2017 09:00,    3208.000
12/10/2017 09:00,    2241.000
13/10/2017 09:00,    2237.000
14/10/2017 09:00,    2234.000
15/10/2017 09:00,    2481.000
16/10/2017 09:00,    1023.000
17/10/2017 09:00,    2688.000
18/10/2017 09:00,    1972.000
19/10/2017 09:00,    2225.000
20/10/2017 09:00,    1240.000
21/10/2017 09:00,    1755.000
22/10/2017 09:00,    1754.000
23/10/2017 09:00,    1240.000
24/10/2017 09:00,    1756.000
25/10/2017 09:00,    1758.000
26/10/2017 09:00,    1973.000
27/10/2017 09:00,    1759.000
28/10/2017 09:00,    1975.000
29/10/2017 09:00,    1506.000
30/10/2017 09:00,    1978.000
31/10/2017 09:00,    2234.000
01/11/2017 09:00,    1026.000
02/11/2017 09:00,    1028.000
03/11/2017 09:00,    2497.000
04/11/2017 09:00,    2500.000
05/11/2017 09:00,    2504.000
06/11/2017 09:00,    1777.000
07/11/2017 09:00,    1780.000
08/11/2017 09:00,    2727.000
09/11/2017 09:00,    2981.000
10/11/2017 09:00,    2514.000
11/11/2017 09:00,    2260.000
12/11/2017 09:00,    2514.000
13/11/2017 09:00,    2731.000
14/11/2017 09:00,    2729.000
15/11/2017 09:00,    2978.000
16/11/2017 09:00,    2981.000
17/11/2017 09:00,    2001.000
18/11/2017 09:00,    2002.000
19/11/2017 09:00,    2004.000
20/11/2017 09:00,    2008.000
21/11/2017 09:00,    2270.000
22/11/2017 09:00,    1793.000
23/11/2017 09:00,    1796.000
24/11/2017 09:00,    2020.000
25/11/2017 09:00,    2023.000
26/11/2017 09:00,    2025.000
27/11/2017 09:00,    1805.000
28/11/2017 09:00,    4203.000
29/11/2017 09:00,    3744.000
30/11/2017 09:00,    3738.000
01/12/2017 09:00,    3986.000
02/12/2017 09:00,    1537.000
03/12/2017 09:00,    1801.000
04/12/2017 09:00,    2282.000
05/12/2017 09:00,    1231.000
06/12/2017 09:00,    2022.000
07/12/2017 09:00,    3015.000
08/12/2017 09:00,    4439.000
09/12/2017 09:00,    4436.000
10/12/2017 09:00,    4433.000
11/12/2017 09:00,    4429.000
12/12/2017 09:00,    4422.000
13/12/2017 09:00,    2016.000
14/12/2017 09:00,    2528.000
15/12/2017 09:00,    1244.000
16/12/2017 09:00,    1792.000
17/12/2017 09:00,    1043.000
18/12/2017 09:00,     778.000
19/12/2017 09:00,    1798.000
20/12/2017 09:00,    2285.000
21/12/2017 09:00,    1233.000
22/12/2017 09:00,    1545.000
23/12/2017 09:00,    2296.000
24/12/2017 09:00,    2294.000
25/12/2017 09:00,    3031.000
26/12/2017 09:00,    2035.000
27/12/2017 09:00,    2037.000
28/12/2017 09:00,    2037.000
29/12/2017 09:00,    2038.000
30/12/2017 09:00,    2562.000
31/12/2017 09:00,    3040.000
01/01/2018 09:00,    3038.000
02/01/2018 09:00,    3758.000
03/01/2018 09:00,    4708.000
04/01/2018 09:00,    5152.000
05/01/2018 09:00,    4894.000
06/01/2018 09:00,    5124.000
07/01/2018 09:00,    4653.000
08/01/2018 09:00,    4844.000
09/01/2018 09:00,    5304.000
10/01/2018 09:00,    6154.000
11/01/2018 09:00,    4346.000
12/01/2018 09:00,    4775.000
13/01/2018 09:00,    4755.000
14/01/2018 09:00,    5205.000
15/01/2018 09:00,    5381.000
16/01/2018 09:00,    4700.000
17/01/2018 09:00,    3578.000
18/01/2018 09:00,    4676.000
19/01/2018 09:00,    4467.000
20/01/2018 09:00,    4645.000
21/01/2018 09:00,    4861.000
22/01/2018 09:00,    5262.000
23/01/2018 09:00,    4819.000
24/01/2018 09:00,    5020.000
25/01/2018 09:00,    5002.000
26/01/2018 09:00,    5164.000
27/01/2018 09:00,    5145.000
28/01/2018 09:00,    5344.000
29/01/2018 09:00,    5319.000
30/01/2018 09:00,    5065.000
31/01/2018 09:00,    5647.000
01/02/2018 09:00,    7598.000
02/02/2018 09:00,    5988.000
03/02/2018 09:00,    5365.000
04/02/2018 09:00,    5516.000
05/02/2018 09:00,    5697.000
06/02/2018 09:00,    5868.000
07/02/2018 09:00,    4246.000
08/02/2018 09:00,    4445.000
09/02/2018 09:00,    5008.000
10/02/2018 09:00,    6880.000
11/02/2018 09:00,    6812.000
12/02/2018 09:00,    6759.000
12/02/2018 21:00,""
13/02/2018 09:00,    4865.000
14/02/2018 09:00,    3899.000
15/02/2018 09:00,    3882.000
16/02/2018 09:00,    4030.000
17/02/2018 09:00,    4957.000
18/02/2018 09:00,    4539.000
19/02/2018 09:00,    3606.000
20/02/2018 09:00,    2244.000
21/02/2018 09:00,    1860.000
22/02/2018 09:00,    1466.000
23/02/2018 09:00,    1640.000
24/02/2018 09:00,    2224.000
25/02/2018 09:00,    2214.000
26/02/2018 09:00,    2410.000
27/02/2018 09:00,    2607.000
28/02/2018 09:00,    2191.000
01/03/2018 09:00,    2015.000
02/03/2018 09:00,    1605.000
03/03/2018 09:00,    2376.000
04/03/2018 09:00,    2167.000
05/03/2018 09:00,    1991.000
06/03/2018 09:00,    1984.000
07/03/2018 09:00,    1977.000
08/03/2018 09:00,    2883.000
09/03/2018 09:00,    3921.000
10/03/2018 09:00,    4896.000
11/03/2018 09:00,    4862.000
12/03/2018 09:00,    4641.000
13/03/2018 09:00,    5393.000
14/03/2018 09:00,    5783.000
15/03/2018 09:00,    5858.000
16/03/2018 09:00,    5795.000
17/03/2018 09:00,    5042.000
18/03/2018 09:00,    4995.000
19/03/2018 09:00,    5214.000
20/03/2018 09:00,    5138.000
21/03/2018 09:00,    4804.000
22/03/2018 09:00,    4746.000
23/03/2018 09:00,    4059.000
24/03/2018 09:00,    4547.000
25/03/2018 09:00,    4726.000
26/03/2018 09:00,    5268.000
27/03/2018 09:00,    5069.000
28/03/2018 09:00,    4586.000
29/03/2018 09:00,    4277.000
30/03/2018 09:00,    2996.000
31/03/2018 09:00,    2980.000
01/04/2018 09:00,    3086.000
02/04/2018 09:00,    3052.000
03/04/2018 09:00,    3165.000
04/04/2018 09:00,    3278.000
05/04/2018 09:00,    3252.000
06/04/2018 09:00,    3097.000
07/04/2018 09:00,    3079.000
08/04/2018 09:00,    3186.000
09/04/2018 09:00,    3153.000
10/04/2018 09:00,    3133.000
11/04/2018 09:00,    3106.000
12/04/2018 09:00,    3058.000
13/04/2018 09:00,    3044.000
14/04/2018 09:00,    3031.000
15/04/2018 09:00,    3062.000
16/04/2018 09:00,    3025.000
17/04/2018 09:00,    1623.000
18/04/2018 09:00,    1501.000
19/04/2018 09:00,    1887.000
20/04/2018 09:00,    1883.000
21/04/2018 09:00,    2453.000
22/04/2018 09:00,    2330.000
23/04/2018 09:00,    1741.000
24/04/2018 09:00,    2101.000
25/04/2018 09:00,    1858.000
26/04/2018 09:00,    1718.000
27/04/2018 09:00,    1714.000
28/04/2018 09:00,    1328.000
29/04/2018 09:00,    1059.000
30/04/2018 09:00,    1062.000
01/05/2018 09:00,    1064.000
02/05/2018 09:00,    1194.000
03/05/2018 09:00,     924.000
04/05/2018 09:00,     933.000
05/05/2018 09:00,     933.000
06/05/2018 09:00,    1092.000
07/05/2018 09:00,    1230.000
08/05/2018 09:00,     949.000
09/05/2018 09:00,    1113.000
10/05/2018 09:00,    1122.000
11/05/2018 09:00,     800.000
12/05/2018 09:00,     806.000
13/05/2018 09:00,    1140.000
14/05/2018 09:00,     988.000
15/05/2018 09:00,     993.000
16/05/2018 09:00,     833.000
17/05/2018 09:00,     838.000
18/05/2018 09:00,     845.000
19/05/2018 09:00,    1195.000
20/05/2018 09:00,    1204.000
21/05/2018 09:00,    1041.000
22/05/2018 09:00,     870.000
23/05/2018 09:00,    1057.000
24/05/2018 09:00,    1733.000
25/05/2018 09:00,    1249.000
26/05/2018 09:00,    1078.000
27/05/2018 09:00,    1264.000
28/05/2018 09:00,    1423.000
29/05/2018 09:00,    1431.000
30/05/2018 09:00,    1281.000
31/05/2018 09:00,    1103.000
01/06/2018 09:00,    1108.000
02/06/2018 09:00,    1107.000
03/06/2018 09:00,    1111.000
04/06/2018 09:00,    1303.000
05/06/2018 09:00,    1122.000
06/06/2018 09:00,    1128.000
07/06/2018 09:00,    1324.000
08/06/2018 09:00,    1328.000
09/06/2018 09:00,    1337.000
10/06/2018 09:00,    1149.000
11/06/2018 09:00,    1154.000
12/06/2018 09:00,     960.000
13/06/2018 09:00,     963.000
14/06/2018 09:00,     967.000
15/06/2018 09:00,     970.000
16/06/2018 09:00,     801.000
17/06/2018 09:00,     600.000
18/06/2018 09:00,     602.000
19/06/2018 09:00,     604.000
20/06/2018 09:00,     985.000
21/06/2018 09:00,    1393.000
22/06/2018 09:00,    1762.000
23/06/2018 09:00,    1394.000
24/06/2018 09:00,    1563.000
25/06/2018 09:00,    1762.000
26/06/2018 09:00,    1762.000
27/06/2018 09:00,    1394.000
28/06/2018 09:00,    1396.000
29/06/2018 09:00,    1398.000
30/06/2018 09:00,     991.000
01/07/2018 09:00,     960.000
02/07/2018 09:00,     991.000
03/07/2018 09:00,     819.000
04/07/2018 09:00,     820.000
05/07/2018 09:00,    1200.000
06/07/2018 09:00,     611.000
07/07/2018 09:00,    1205.000
08/07/2018 09:00,     991.000
09/07/2018 09:00,     991.000
10/07/2018 09:00,     610.000
11/07/2018 09:00,     215.000
12/07/2018 09:00,     214.000
13/07/2018 09:00,     609.000
14/07/2018 09:00,     611.000
15/07/2018 09:00,     992.000
16/07/2018 09:00,     994.000
17/07/2018 09:00,    1573.000
18/07/2018 09:00,    1967.000
19/07/2018 09:00,    1953.000
20/07/2018 09:00,    1950.000
21/07/2018 09:00,     812.000
22/07/2018 09:00,     988.000
23/07/2018 09:00,    1194.000
24/07/2018 09:00,     988.000
25/07/2018 09:00,    1194.000
26/07/2018 09:00,    1195.000
27/07/2018 09:00,    1197.000
28/07/2018 09:00,     817.000
29/07/2018 09:00,     820.000
30/07/2018 09:00,    1403.000
31/07/2018 09:00,     992.000
01/08/2018 09:00,    1399.000
02/08/2018 09:00,    2133.000
03/08/2018 09:00,    2676.000
04/08/2018 09:00,    2144.000
05/08/2018 09:00,    1974.000
06/08/2018 09:00,    1967.000
07/08/2018 09:00,    3050.000
08/08/2018 09:00,    2861.000
09/08/2018 09:00,    2850.000
10/08/2018 09:00,    2666.000
11/08/2018 09:00,    3022.000
12/08/2018 09:00,    3172.000
13/08/2018 09:00,    3518.000
14/08/2018 09:00,    2625.000
15/08/2018 09:00,    2085.000
16/08/2018 09:00,    2077.000
17/08/2018 09:00,    2263.000
18/08/2018 09:00,    1361.000
19/08/2018 09:00,    1358.000
20/08/2018 09:00,    1520.000
21/08/2018 09:00,    1713.000
22/08/2018 09:00,    1161.000
23/08/2018 09:00,    1353.000
24/08/2018 09:00,    1706.000
25/08/2018 09:00,    2239.000
26/08/2018 09:00,    2236.000
27/08/2018 09:00,    2044.000
28/08/2018 09:00,    1697.000
29/08/2018 09:00,     952.000
30/08/2018 09:00,    1344.000
31/08/2018 09:00,    1505.000
01/09/2018 09:00,     952.000
02/09/2018 09:00,     952.000
03/09/2018 09:00,     784.000
04/09/2018 09:00,     785.000
05/09/2018 09:00,     955.000
06/09/2018 09:00,     787.000
07/09/2018 09:00,     588.000
08/09/2018 09:00,     589.000
09/09/2018 09:00,     591.000
10/09/2018 09:00,     961.000
11/09/2018 09:00,    1524.000
12/09/2018 09:00,    1717.000
13/09/2018 09:00,    1524.000
14/09/2018 09:00,    1365.000
15/09/2018 09:00,    1722.000
16/09/2018 09:00,    1528.000
17/09/2018 09:00,    1532.000
18/09/2018 09:00,    1731.000
19/09/2018 09:00,    1729.000
20/09/2018 09:00,    1731.000
21/09/2018 09:00,    1733.000
22/09/2018 09:00,    1735.000
23/09/2018 09:00,    1735.000
24/09/2018 09:00,    1735.000
25/09/2018 09:00,    1930.000
26/09/2018 09:00,    1933.000
27/09/2018 09:00,    1935.000
28/09/2018 09:00,    1935.000
29/09/2018 09:00,    2479.000
30/09/2018 09:00,    2292.000
01/10/2018 09:00,    1943.000
02/10/2018 09:00,    1945.000
03/10/2018 09:00,    1755.000
04/10/2018 09:00,    1386.000
05/10/2018 09:00,    1559.000
06/10/2018 09:00,    1768.000
07/10/2018 09:00,    1773.000
08/10/2018 09:00,    1577.000
09/10/2018 09:00,    1781.000
10/10/2018 09:00,    1977.000
11/10/2018 09:00,    1415.000
12/10/2018 09:00,    1592.000
13/10/2018 09:00,    1215.000
14/10/2018 09:00,    1015.000
15/10/2018 09:00,    1609.000
16/10/2018 09:00,    1232.000
17/10/2018 09:00,    1237.000
18/10/2018 09:00,    1628.000
19/10/2018 09:00,    1847.000
20/10/2018 09:00,    2232.000
21/10/2018 09:00,    2446.000
22/10/2018 09:00,    2460.000
23/10/2018 09:00,    1479.000
24/10/2018 09:00,    1485.000
25/10/2018 09:00,    1673.000
26/10/2018 09:00,    1679.000
27/10/2018 09:00,    1688.000
28/10/2018 09:00,    1070.000
29/10/2018 09:00,    1300.000
30/10/2018 09:00,    1931.000
31/10/2018 09:00,    2153.000
01/11/2018 09:00,    1725.000
02/11/2018 09:00,    2169.000
03/11/2018 09:00,    1323.000
04/11/2018 09:00,    1329.000
05/11/2018 09:00,    2382.000
06/11/2018 09:00,    1567.000
07/11/2018 09:00,     683.000
08/11/2018 09:00,    1116.000
09/11/2018 09:00,    1356.000
10/11/2018 09:00,     927.000
11/11/2018 09:00,    1131.000
12/11/2018 09:00,    1137.000
13/11/2018 09:00,     701.000
14/11/2018 09:00,     944.000
15/11/2018 09:00,    1150.000
16/11/2018 09:00,    1633.000
17/11/2018 09:00,    1636.000
18/11/2018 09:00,    1642.000
19/11/2018 09:00,    1648.000
20/11/2018 09:00,    1651.000
21/11/2018 09:00,    1855.000
22/11/2018 09:00,    1652.000
23/11/2018 09:00,     961.000
24/11/2018 09:00,     718.000
25/11/2018 09:00,     720.000
26/11/2018 09:00,     467.000
27/11/2018 09:00,     968.000
28/11/2018 09:00,    1668.000
29/11/2018 09:00,    2117.000
30/11/2018 09:00,    2557.000
01/12/2018 09:00,    2560.000
02/12/2018 09:00,    2555.000
03/12/2018 09:00,    2555.000
04/12/2018 09:00,    2117.000
05/12/2018 09:00,    1430.000
06/12/2018 09:00,    1674.000
07/12/2018 09:00,    1672.000
08/12/2018 09:00,    1430.000
09/12/2018 09:00,    1668.000
10/12/2018 09:00,    1870.000
11/12/2018 09:00,    1426.000
12/12/2018 09:00,    1180.000
13/12/2018 09:00,    2546.000
14/12/2018 09:00,    1175.000
15/12/2018 09:00,    1184.000
16/12/2018 09:00,    1187.000
17/12/2018 09:00,    1189.000
18/12/2018 09:00,    1192.000
19/12/2018 09:00,    1444.000
20/12/2018 09:00,    1692.000
21/12/2018 09:00,    1694.000
22/12/2018 09:00,    4580.000
23/12/2018 09:00,    4149.000
24/12/2018 09:00,    3482.000
25/12/2018 09:00,    3707.000
26/12/2018 09:00,    3698.000
27/12/2018 09:00,    3691.000
28/12/2018 09:00,    5150.000
29/12/2018 09:00,    5749.000
30/12/2018 09:00,    5723.000
31/12/2018 09:00,    5902.000
01/01/2019 09:00,    5669.000
02/01/2019 09:00,    5249.000
03/01/2019 09:00,    4214.000
04/01/2019 09:00,    4391.000
05/01/2019 09:00,    4186.000
06/01/2019 09:00,    4353.000
07/01/2019 09:00,    4558.000
08/01/2019 09:00,    3307.000
09/01/2019 09:00,    2887.000
10/01/2019 09:00,    3288.000
11/01/2019 09:00,    3680.000
12/01/2019 09:00,    3886.000
13/01/2019 09:00,    4076.000
14/01/2019 09:00,    5426.000
15/01/2019 09:00,    4640.000
16/01/2019 09:00,    4413.000
17/01/2019 09:00,    3800.000
18/01/2019 09:00,    4745.000
19/01/2019 09:00,    4720.000
20/01/2019 09:00,    4700.000
21/01/2019 09:00,    4684.000
22/01/2019 09:00,    4664.000
23/01/2019 09:00,    4633.000
24/01/2019 09:00,    4623.000
25/01/2019 09:00,    4434.000
26/01/2019 09:00,    4212.000
27/01/2019 09:00,    4539.000
28/01/2019 09:00,    5074.000
29/01/2019 09:00,    4888.000
30/01/2019 09:00,    4674.000
31/01/2019 09:00,    3362.000
01/02/2019 09:00,    3901.000
02/02/2019 09:00,    4267.000
03/02/2019 09:00,    4411.000
04/02/2019 09:00,    4379.000
05/02/2019 09:00,    4357.000
06/02/2019 09:00,    4335.000
07/02/2019 09:00,    3258.000
08/02/2019 09:00,    1788.000
09/02/2019 09:00,    2347.000
10/02/2019 09:00,    2693.000
11/02/2019 09:00,    3225.000
12/02/2019 09:00,    3213.000
13/02/2019 09:00,    2861.000
14/02/2019 09:00,    2117.000
15/02/2019 09:00,    2307.000
16/02/2019 09:00,    2109.000
17/02/2019 09:00,    2301.000
18/02/2019 09:00,    2488.000
19/02/2019 09:00,    2476.000
20/02/2019 09:00,    2810.000
21/02/2019 09:00,    2972.000
22/02/2019 09:00,    3300.000
23/02/2019 09:00,    2587.000
24/02/2019 09:00,    2587.000
25/02/2019 09:00,    2580.000
26/02/2019 09:00,    3083.000
27/02/2019 09:00,    3246.000
28/02/2019 09:00,    3233.000
01/03/2019 09:00,    2388.000
02/03/2019 09:00,    2381.000
03/03/2019 09:00,    2708.000
04/03/2019 09:00,    3355.000
05/03/2019 09:00,    3806.000
06/03/2019 09:00,    3145.000
07/03/2019 09:00,    3136.000
08/03/2019 09:00,    3286.000
09/03/2019 09:00,    3271.000
10/03/2019 09:00,    3093.000
11/03/2019 09:00,    3241.000
12/03/2019 09:00,    3065.000
13/03/2019 09:00,    3499.000
14/03/2019 09:00,    3417.000
15/03/2019 09:00,    3876.000
16/03/2019 09:00,    3578.000
17/03/2019 09:00,    3254.000
18/03/2019 09:00,    3385.000
19/03/2019 09:00,    3368.000
20/03/2019 09:00,    3344.000
21/03/2019 09:00,    3730.000
22/03/2019 09:00,    4086.000
23/03/2019 09:00,    4402.000
24/03/2019 09:00,    4680.000
25/03/2019 09:00,    4996.000
26/03/2019 09:00,    4401.000
27/03/2019 09:00,    3373.000
28/03/2019 09:00,    3239.000
29/03/2019 09:00,    3220.000
30/03/2019 09:00,    3709.000
31/03/2019 09:00,    3858.000
01/04/2019 09:00,    3988.000
02/04/2019 09:00,    3829.000
03/04/2019 09:00,    3625.000
04/04/2019 09:00,    3486.000
05/04/2019 09:00,    3542.000
06/04/2019 09:00,    3544.000
07/04/2019 09:00,    3817.000
08/04/2019 09:00,    3888.000
09/04/2019 09:00,    3577.000
10/04/2019 09:00,    3441.000
11/04/2019 09:00,    3333.000
12/04/2019 09:00,    3250.000
13/04/2019 09:00,    3110.000
14/04/2019 09:00,    2913.000
15/04/2019 09:00,    2755.000
16/04/2019 09:00,    2607.000
17/04/2019 09:00,    2675.000
18/04/2019 09:00,    2535.000
19/04/2019 09:00,    2491.000
20/04/2019 09:00,    1764.000
21/04/2019 09:00,    1555.000
22/04/2019 09:00,    1423.000
23/04/2019 09:00,    1639.000
24/04/2019 09:00,    1636.000
25/04/2019 09:00,    1623.000
26/04/2019 09:00,    1615.000
27/04/2019 09:00,    1596.000
28/04/2019 09:00,    1382.000
29/04/2019 09:00,    1376.000
30/04/2019 09:00,     823.000
01/05/2019 09:00,    1075.000
02/05/2019 09:00,     980.000
03/05/2019 09:00,     982.000
04/05/2019 09:00,     988.000
05/05/2019 09:00,    1349.000
06/05/2019 09:00,    1360.000
07/05/2019 09:00,    1607.000
08/05/2019 09:00,    1235.000
09/05/2019 09:00,     587.000
10/05/2019 09:00,     587.000
11/05/2019 09:00,     592.000
12/05/2019 09:00,     730.000
13/05/2019 09:00,     604.000
14/05/2019 09:00,     444.000
15/05/2019 09:00,     612.000
16/05/2019 09:00,     908.000
17/05/2019 09:00,     915.000
18/05/2019 09:00,    1075.000
19/05/2019 09:00,    1084.000
20/05/2019 09:00,     776.000
21/05/2019 09:00,     780.000
22/05/2019 09:00,     937.000
23/05/2019 09:00,    1963.000
24/05/2019 09:00,    2108.000
25/05/2019 09:00,    1981.000
26/05/2019 09:00,    1703.000
27/05/2019 09:00,    1706.000
28/05/2019 09:00,    1127.000
29/05/2019 09:00,     811.000
30/05/2019 09:00,     813.000
31/05/2019 09:00,     821.000
01/06/2019 09:00,     659.000
02/06/2019 09:00,     664.000
03/06/2019 09:00,     663.000
04/06/2019 09:00,     668.000
05/06/2019 09:00,    1007.000
06/06/2019 09:00,     667.000
07/06/2019 09:00,     533.000
08/06/2019 09:00,    1658.000
09/06/2019 09:00,    1965.000
10/06/2019 09:00,    1655.000
11/06/2019 09:00,    1658.000
12/06/2019 09:00,    1338.000
13/06/2019 09:00,    1347.000
14/06/2019 09:00,    1521.000
15/06/2019 09:00,    1979.000
16/06/2019 09:00,    1979.000
17/06/2019 09:00,    1831.000
18/06/2019 09:00,    1836.000
19/06/2019 09:00,    1979.000
20/06/2019 09:00,    1986.000
21/06/2019 09:00,    2289.000
22/06/2019 09:00,    1666.000
23/06/2019 09:00,    1833.000
24/06/2019 09:00,    1835.000
25/06/2019 09:00,    1521.000
26/06/2019 09:00,    1525.000
27/06/2019 09:00,    1204.000
28/06/2019 09:00,    1074.000
29/06/2019 09:00,    1084.000
30/06/2019 09:00,     918.000
01/07/2019 09:00,    1417.000
02/07/2019 09:00,    1654.000
03/07/2019 09:00,    1490.000
04/07/2019 09:00,    1335.000
05/07/2019 09:00,    1343.000
06/07/2019 09:00,    1510.000
07/07/2019 09:00,    1519.000
08/07/2019 09:00,    1195.000
09/07/2019 09:00,    1375.000
10/07/2019 09:00,    1386.000
11/07/2019 09:00,    1385.000
12/07/2019 09:00,    1397.000
13/07/2019 09:00,    1232.000
14/07/2019 09:00,    1236.000
15/07/2019 09:00,    1424.000
16/07/2019 09:00,    1431.000
17/07/2019 09:00,    1440.000
18/07/2019 09:00,    1448.000
19/07/2019 09:00,    1455.000
20/07/2019 09:00,    1630.000
21/07/2019 09:00,    1629.000
22/07/2019 09:00,    1109.000
23/07/2019 09:00,    1115.000
24/07/2019 09:00,     938.000
25/07/2019 09:00,    1313.000
26/07/2019 09:00,    1855.000
27/07/2019 09:00,    2993.000
28/07/2019 09:00,    3003.000
29/07/2019 09:00,    2845.000
30/07/2019 09:00,    2130.000
31/07/2019 09:00,    1579.000
01/08/2019 09:00,     797.000
02/08/2019 09:00,    1221.000
03/08/2019 09:00,    1824.000
04/08/2019 09:00,    1838.000
05/08/2019 09:00,    1039.000
06/08/2019 09:00,    1047.000
07/08/2019 09:00,    1053.000
08/08/2019 09:00,    1059.000
09/08/2019 09:00,    1483.000
10/08/2019 09:00,    1077.000
11/08/2019 09:00,     422.000
12/08/2019 09:00,     425.000
13/08/2019 09:00,     428.000
14/08/2019 09:00,     432.000
15/08/2019 09:00,     435.000
16/08/2019 09:00,     677.000
17/08/2019 09:00,     894.000
18/08/2019 09:00,     903.000
19/08/2019 09:00,     903.000
20/08/2019 09:00,     908.000
21/08/2019 09:00,    1165.000
22/08/2019 09:00,    1162.000
23/08/2019 09:00,     915.000
24/08/2019 09:00,     717.000
25/08/2019 09:00,     712.000
26/08/2019 09:00,     712.000
27/08/2019 09:00,     941.000
28/08/2019 09:00,    1186.000
29/08/2019 09:00,    1190.000
30/08/2019 09:00,    1864.000
31/08/2019 09:00,    1650.000
01/09/2019 09:00,    1656.000
02/09/2019 09:00,    1878.000
03/09/2019 09:00,    1418.000
04/09/2019 09:00,    1197.000
05/09/2019 09:00,    1198.000
06/09/2019 09:00,    1200.000
07/09/2019 09:00,    1201.000
08/09/2019 09:00,    1435.000
09/09/2019 09:00,    1431.000
10/09/2019 09:00,    1916.000
11/09/2019 09:00,    1918.000
12/09/2019 09:00,    1929.000
13/09/2019 09:00,    1673.000
14/09/2019 09:00,    2147.000
15/09/2019 09:00,    2151.000
16/09/2019 09:00,    1683.000
17/09/2019 09:00,    1677.000
18/09/2019 09:00,    1683.000
19/09/2019 09:00,    1692.000
20/09/2019 09:00,    1694.000
21/09/2019 09:00,    1682.000
22/09/2019 09:00,    1683.000
23/09/2019 09:00,    1684.000
24/09/2019 09:00,    1891.000
25/09/2019 09:00,    2590.000
26/09/2019 09:00,    2822.000
27/09/2019 09:00,    3729.000
28/09/2019 09:00,    3897.000
29/09/2019 09:00,    3890.000
30/09/2019 09:00,    3691.000
01/10/2019 09:00,    4100.000
02/10/2019 09:00,    3208.000
03/10/2019 09:00,    3836.000
04/10/2019 09:00,    3835.000
05/10/2019 09:00,    4286.000
06/10/2019 09:00,    4255.000
07/10/2019 09:00,    4233.000
08/10/2019 09:00,    4217.000
09/10/2019 09:00,    2714.000
10/10/2019 09:00,     580.000
11/10/2019 09:00,     853.000
12/10/2019 09:00,    2480.000
13/10/2019 09:00,    2485.000
14/10/2019 09:00,    2698.000
15/10/2019 09:00,    2693.000
16/10/2019 09:00,    2036.000
17/10/2019 09:00,    1522.000
18/10/2019 09:00,    2037.000
19/10/2019 09:00,    1501.000
20/10/2019 09:00,    1486.000
21/10/2019 09:00,    1216.000
22/10/2019 09:00,    1501.000
23/10/2019 09:00,    1520.000
24/10/2019 09:00,    1590.000
25/10/2019 09:00,    1593.000
26/10/2019 09:00,    1585.000
27/10/2019 09:00,    1776.000
28/10/2019 09:00,    2006.000
29/10/2019 09:00,    1590.000
30/10/2019 09:00,     686.000
31/10/2019 09:00,    1357.000
01/11/2019 09:00,    2027.000
02/11/2019 09:00,    1587.000
03/11/2019 09:00,    1587.000
04/11/2019 09:00,    1587.000
05/11/2019 09:00,     690.000
06/11/2019 09:00,    1140.000
07/11/2019 09:00,    1142.000
08/11/2019 09:00,    1140.000
09/11/2019 09:00,     687.000
10/11/2019 09:00,     692.000
11/11/2019 09:00,     699.000
12/11/2019 09:00,     694.000
13/11/2019 09:00,    1134.000
14/11/2019 09:00,    1790.000
15/11/2019 09:00,    2254.000
16/11/2019 09:00,     481.000
17/11/2019 09:00,     927.000
18/11/2019 09:00,    2270.000
19/11/2019 09:00,    2038.000
20/11/2019 09:00,    1134.000
21/11/2019 09:00,    1380.000
22/11/2019 09:00,     927.000
23/11/2019 09:00,    1136.000
24/11/2019 09:00,    1610.000
25/11/2019 09:00,    1813.000
26/11/2019 09:00,    1600.000
27/11/2019 09:00,    1595.000
28/11/2019 09:00,    1598.000
29/11/2019 09:00,    1805.000
30/11/2019 09:00,    2040.000
01/12/2019 09:00,    2266.000
02/12/2019 09:00,    2451.000
03/12/2019 09:00,    1371.000
04/12/2019 09:00,    1134.000
05/12/2019 09:00,     701.000
06/12/2019 09:00,     939.000
07/12/2019 09:00,    1792.000
08/12/2019 09:00,    1806.000
09/12/2019 09:00,    1804.000
10/12/2019 09:00,    1788.000
11/12/2019 09:00,    2247.000
12/12/2019 09:00,    3066.000
13/12/2019 09:00,    2654.000
14/12/2019 09:00,    2419.000
15/12/2019 09:00,    2415.000
16/12/2019 09:00,    2640.000
17/12/2019 09:00,    2861.000
18/12/2019 09:00,    3261.000
19/12/2019 09:00,    4078.000
20/12/2019 09:00,    3640.000
21/12/2019 09:00,    4218.000
22/12/2019 09:00,    4608.000
23/12/2019 09:00,    5182.000
24/12/2019 09:00,    4951.000
25/12/2019 09:00,    4545.000
26/12/2019 09:00,    4691.000
27/12/2019 09:00,    4878.000
28/12/2019 09:00,    5619.000
29/12/2019 09:00,    5193.000
30/12/2019 09:00,    5179.000
31/12/2019 09:00,    5299.000
01/01/2020 09:00,    5095.000
02/01/2020 09:00,    5076.000
03/01/2020 09:00,    5795.000
04/01/2020 09:00,    5573.000
05/01/2020 09:00,    5517.000
06/01/2020 09:00,    5474.000
07/01/2020 09:00,    5459.000
08/01/2020 09:00,    4216.000
09/01/2020 09:00,    4352.000
10/01/2020 09:00,    4698.000
11/01/2020 09:00,    4490.000
12/01/2020 09:00,    4452.000
13/01/2020 09:00,    4443.000
14/01/2020 09:00,    4252.000
15/01/2020 09:00,    4422.000
16/01/2020 09:00,    4374.000
17/01/2020 09:00,    4674.000
18/01/2020 09:00,    4983.000
19/01/2020 09:00,    4948.000
20/01/2020 09:00,    4590.000
21/01/2020 09:00,    3442.000
22/01/2020 09:00,    3276.000
23/01/2020 09:00,    2567.000
24/01/2020 09:00,    2221.000
25/01/2020 09:00,    2740.000
26/01/2020 09:00,    3060.000
27/01/2020 09:00,    3038.000
28/01/2020 09:00,    3039.000
29/01/2020 09:00,    3031.000
30/01/2020 09:00,    3021.000
31/01/2020 09:00,    2688.000
01/02/2020 09:00,    3003.000
02/02/2020 09:00,    3160.000
03/02/2020 09:00,    3310.000
04/02/2020 09:00,    3289.000
05/02/2020 09:00,    3101.000
06/02/2020 09:00,    3103.000
07/02/2020 09:00,    2794.000
08/02/2020 09:00,    1605.000
09/02/2020 09:00,    1605.000
10/02/2020 09:00,    2572.000
11/02/2020 09:00,    2558.000
12/02/2020 09:00,    2728.000
13/02/2020 09:00,    3495.000
14/02/2020 09:00,    3474.000
15/02/2020 09:00,    3458.000
16/02/2020 09:00,    3604.000
17/02/2020 09:00,    3578.000
18/02/2020 09:00,    3404.000
19/02/2020 09:00,    3074.000
20/02/2020 09:00,    3187.000
21/02/2020 09:00,    3170.000
22/02/2020 09:00,     350.000
23/02/2020 09:00,     703.000
24/02/2020 09:00,    1219.000
25/02/2020 09:00,    1351.000
26/02/2020 09:00,    1345.000
27/02/2020 09:00,    1509.000
28/02/2020 09:00,    1979.000
29/02/2020 09:00,     525.000
01/03/2020 09:00,     528.000
02/03/2020 09:00,    1522.000
03/03/2020 09:00,    1814.000
04/03/2020 09:00,    1820.000
05/03/2020 09:00,    1815.000
06/03/2020 09:00,    1341.000
07/03/2020 09:00,    1343.000
08/03/2020 09:00,    1683.000
09/03/2020 09:00,    1829.000
10/03/2020 09:00,    2002.000
11/03/2020 09:00,    1837.000
12/03/2020 09:00,    1685.000
13/03/2020 09:00,    1830.000
14/03/2020 09:00,    2867.000
15/03/2020 09:00,    2702.000
16/03/2020 09:00,    2698.000
17/03/2020 09:00,    2838.000
18/03/2020 09:00,    2400.000
19/03/2020 09:00,    2543.000
20/03/2020 09:00,    2944.000
21/03/2020 09:00,    3044.000
22/03/2020 09:00,    3029.000
23/03/2020 09:00,    2892.000
24/03/2020 09:00,    2749.000
25/03/2020 09:00,    2744.000
26/03/2020 09:00,    2732.000
27/03/2020 09:00,    2868.000
28/03/2020 09:00,    2725.000
29/03/2020 09:00,    2722.000
30/03/2020 09:00,    2836.000
31/03/2020 09:00,    3065.000
01/04/2020 09:00,    3268.000
02/04/2020 09:00,    3266.000
03/04/2020 09:00,    2526.000
04/04/2020 09:00,    1413.000
05/04/2020 09:00,    1580.000
06/04/2020 09:00,    1707.000
07/04/2020 09:00,    1862.000
08/04/2020 09:00,    1852.000
09/04/2020 09:00,    1859.000
10/04/2020 09:00,    2129.000
11/04/2020 09:00,    1836.000
12/04/2020 09:00,    1565.000
13/04/2020 09:00,    1856.000
14/04/2020 09:00,    2005.000
15/04/2020 09:00,    1863.000
16/04/2020 09:00,    1430.000
17/04/2020 09:00,     979.000
18/04/2020 09:00,    1618.000
19/04/2020 09:00,    1761.000
20/04/2020 09:00,    1943.000
21/04/2020 09:00,    1947.000
22/04/2020 09:00,    1794.000
23/04/2020 09:00,    1805.000
24/04/2020 09:00,    1674.000
25/04/2020 09:00,    2291.000
26/04/2020 09:00,    2305.000
27/04/2020 09:00,    2163.000
28/04/2020 09:00,    2177.000
29/04/2020 09:00,    2190.000
30/04/2020 09:00,    2019.000
01/05/2020 09:00,    1865.000
02/05/2020 09:00,    2207.000
03/05/2020 09:00,    2343.000
04/05/2020 09:00,    2347.000
05/05/2020 09:00,    2350.000
06/05/2020 09:00,    2359.000
07/05/2020 09:00,    1233.000
08/05/2020 09:00,    1569.000
09/05/2020 09:00,    1068.000
10/05/2020 09:00,     723.000
11/05/2020 09:00,     536.000
12/05/2020 09:00,    1088.000
13/05/2020 09:00,     741.000
14/05/2020 09:00,    1266.000
15/05/2020 09:00,    1780.000
16/05/2020 09:00,    1085.000
17/05/2020 09:00,     750.000
18/05/2020 09:00,     385.000
19/05/2020 09:00,     397.000
20/05/2020 09:00,    1134.000
21/05/2020 09:00,    1141.000
22/05/2020 09:00,    1522.000
23/05/2020 09:00,    1726.000
24/05/2020 09:00,    1544.000
25/05/2020 09:00,    1553.000
26/05/2020 09:00,    2125.000
27/05/2020 09:00,    2347.000
28/05/2020 09:00,    2360.000
29/05/2020 09:00,    1785.000
30/05/2020 09:00,    1433.000
31/05/2020 09:00,    1235.000
01/06/2020 09:00,     631.000
02/06/2020 09:00,     636.000
03/06/2020 09:00,     641.000
04/06/2020 09:00,     628.000
05/06/2020 09:00,     631.000
06/06/2020 09:00,     637.000
07/06/2020 09:00,     652.000
08/06/2020 09:00,     886.000
09/06/2020 09:00,     887.000
10/06/2020 09:00,     888.000
11/06/2020 09:00,     893.000
12/06/2020 09:00,    1142.000
13/06/2020 09:00,     693.000
14/06/2020 09:00,     925.000
15/06/2020 09:00,    1140.000
16/06/2020 09:00,     941.000
17/06/2020 09:00,     936.000
18/06/2020 09:00,    1161.000
19/06/2020 09:00,    1170.000
20/06/2020 09:00,    1140.000
21/06/2020 09:00,     714.000
22/06/2020 09:00,     482.000
23/06/2020 09:00,     723.000
24/06/2020 09:00,     717.000
25/06/2020 09:00,     494.000
26/06/2020 09:00,     491.000
27/06/2020 09:00,     503.000
28/06/2020 09:00,     723.000
29/06/2020 09:00,     736.000
30/06/2020 09:00,     741.000
01/07/2020 09:00,     743.000
02/07/2020 09:00,     745.000
03/07/2020 09:00,     738.000
04/07/2020 09:00,     747.000
05/07/2020 09:00,     753.000
06/07/2020 09:00,     750.000
07/07/2020 09:00,     754.000
08/07/2020 09:00,     753.000
09/07/2020 09:00,     739.000
10/07/2020 09:00,     750.000
11/07/2020 09:00,     713.000
12/07/2020 09:00,     684.000
13/07/2020 09:00,     694.000
14/07/2020 09:00,     653.000
15/07/2020 09:00,     632.000
16/07/2020 09:00,     638.000
17/07/2020 09:00,     659.000
18/07/2020 09:00,     683.000
19/07/2020 09:00,     679.000
20/07/2020 09:00,     678.000
21/07/2020 09:00,     695.000
22/07/2020 09:00,     675.000
23/07/2020 09:00,     667.000
24/07/2020 09:00,    2491.000
25/07/2020 09:00,    1755.000
26/07/2020 09:00,    1484.000
27/07/2020 09:00,    1504.000
28/07/2020 09:00,    1759.000
29/07/2020 09:00,    1752.000
30/07/2020 09:00,    1489.000
