"Time","A4261041"
"and","Water Temp. (Deg.C)"
"Date","Mean"
22/10/2002 00:00,""
23/10/2002 00:00,       14.72
24/10/2002 00:00,       15.72
25/10/2002 00:00,       15.61
26/10/2002 00:00,       15.33
27/10/2002 00:00,       15.38
28/10/2002 00:00,       16.67
29/10/2002 00:00,""
30/10/2002 00:00,""
31/10/2002 00:00,""
01/11/2002 00:00,""
02/11/2002 00:00,""
03/11/2002 00:00,""
04/11/2002 00:00,""
05/11/2002 00:00,""
06/11/2002 00:00,""
07/11/2002 00:00,""
08/11/2002 00:00,""
09/11/2002 00:00,""
10/11/2002 00:00,""
11/11/2002 00:00,""
12/11/2002 00:00,""
13/11/2002 00:00,""
14/11/2002 00:00,""
15/11/2002 00:00,""
16/11/2002 00:00,""
17/11/2002 00:00,""
18/11/2002 00:00,""
19/11/2002 00:00,""
20/11/2002 00:00,""
21/11/2002 00:00,""
22/11/2002 00:00,""
23/11/2002 00:00,""
24/11/2002 00:00,""
25/11/2002 00:00,""
26/11/2002 00:00,""
27/11/2002 00:00,""
28/11/2002 00:00,""
29/11/2002 00:00,""
30/11/2002 00:00,""
01/12/2002 00:00,""
02/12/2002 00:00,""
03/12/2002 00:00,""
04/12/2002 00:00,""
05/12/2002 00:00,""
06/12/2002 00:00,""
07/12/2002 00:00,""
08/12/2002 00:00,""
09/12/2002 00:00,""
10/12/2002 00:00,""
11/12/2002 00:00,""
12/12/2002 00:00,""
13/12/2002 00:00,""
14/12/2002 00:00,""
15/12/2002 00:00,""
16/12/2002 00:00,""
17/12/2002 00:00,""
18/12/2002 00:00,""
19/12/2002 00:00,""
20/12/2002 00:00,""
21/12/2002 00:00,""
22/12/2002 00:00,""
23/12/2002 00:00,""
24/12/2002 00:00,""
25/12/2002 00:00,       19.28
26/12/2002 00:00,       20.25
27/12/2002 00:00,       21.33
28/12/2002 00:00,       22.89
29/12/2002 00:00,       22.95
30/12/2002 00:00,       23.17
31/12/2002 00:00,       20.11
01/01/2003 00:00,       17.30
02/01/2003 00:00,       19.04
03/01/2003 00:00,       21.58
04/01/2003 00:00,       22.41
05/01/2003 00:00,       22.79
06/01/2003 00:00,       24.83
07/01/2003 00:00,       23.98
08/01/2003 00:00,       19.98
09/01/2003 00:00,       20.33
10/01/2003 00:00,       21.21
11/01/2003 00:00,       22.50
12/01/2003 00:00,       23.46
13/01/2003 00:00,       22.11
14/01/2003 00:00,       19.58
15/01/2003 00:00,       19.51
16/01/2003 00:00,       21.35
17/01/2003 00:00,       23.89
18/01/2003 00:00,       23.06
19/01/2003 00:00,       23.34
20/01/2003 00:00,       24.18
21/01/2003 00:00,       23.12
22/01/2003 00:00,       21.80
23/01/2003 00:00,       22.34
24/01/2003 00:00,       23.72
25/01/2003 00:00,       25.78
26/01/2003 00:00,       21.87
27/01/2003 00:00,       20.40
28/01/2003 00:00,       21.08
29/01/2003 00:00,       22.63
30/01/2003 00:00,       21.13
31/01/2003 00:00,       17.92
01/02/2003 00:00,       19.61
02/02/2003 00:00,       21.17
03/02/2003 00:00,       22.91
04/02/2003 00:00,       24.56
05/02/2003 00:00,       22.73
06/02/2003 00:00,       21.54
07/02/2003 00:00,       20.79
08/02/2003 00:00,       19.44
09/02/2003 00:00,       20.48
10/02/2003 00:00,       20.40
11/02/2003 00:00,       21.06
12/02/2003 00:00,       21.86
13/02/2003 00:00,       22.47
14/02/2003 00:00,       22.52
15/02/2003 00:00,       21.82
16/02/2003 00:00,       21.26
17/02/2003 00:00,       19.25
18/02/2003 00:00,       18.84
19/02/2003 00:00,       19.29
20/02/2003 00:00,       19.01
21/02/2003 00:00,       20.16
22/02/2003 00:00,       20.92
23/02/2003 00:00,       21.98
24/02/2003 00:00,       22.30
25/02/2003 00:00,       20.87
26/02/2003 00:00,       20.51
27/02/2003 00:00,       21.20
28/02/2003 00:00,       19.05
01/03/2003 00:00,       16.35
02/03/2003 00:00,       16.80
03/03/2003 00:00,       17.79
04/03/2003 00:00,       18.26
05/03/2003 00:00,       19.20
06/03/2003 00:00,       20.29
07/03/2003 00:00,       21.81
08/03/2003 00:00,       19.84
09/03/2003 00:00,       18.13
10/03/2003 00:00,       18.75
11/03/2003 00:00,       19.99
12/03/2003 00:00,       21.48
13/03/2003 00:00,       21.48
14/03/2003 00:00,       19.49
15/03/2003 00:00,       18.75
16/03/2003 00:00,       19.45
17/03/2003 00:00,       20.89
18/03/2003 00:00,       22.57
19/03/2003 00:00,       19.25
20/03/2003 00:00,       17.03
21/03/2003 00:00,       17.20
22/03/2003 00:00,       17.10
23/03/2003 00:00,       16.96
24/03/2003 00:00,       17.40
25/03/2003 00:00,       18.11
26/03/2003 00:00,       19.99
27/03/2003 00:00,       20.50
28/03/2003 00:00,       20.04
29/03/2003 00:00,       19.71
30/03/2003 00:00,       19.59
31/03/2003 00:00,       19.07
01/04/2003 00:00,       18.81
02/04/2003 00:00,       19.23
03/04/2003 00:00,       17.71
04/04/2003 00:00,       16.25
05/04/2003 00:00,       16.62
06/04/2003 00:00,       18.11
07/04/2003 00:00,       18.46
08/04/2003 00:00,       17.88
09/04/2003 00:00,       16.36
10/04/2003 00:00,       16.31
11/04/2003 00:00,       16.86
12/04/2003 00:00,       17.44
13/04/2003 00:00,       17.37
14/04/2003 00:00,       16.12
15/04/2003 00:00,       16.24
16/04/2003 00:00,       16.87
17/04/2003 00:00,       15.71
18/04/2003 00:00,       15.82
19/04/2003 00:00,       16.21
20/04/2003 00:00,       16.99
21/04/2003 00:00,       17.66
22/04/2003 00:00,       17.96
23/04/2003 00:00,       19.02
24/04/2003 00:00,       18.68
25/04/2003 00:00,       18.69
26/04/2003 00:00,       18.32
27/04/2003 00:00,       18.44
28/04/2003 00:00,       18.46
29/04/2003 00:00,       17.57
30/04/2003 00:00,       17.36
01/05/2003 00:00,       17.00
02/05/2003 00:00,       15.99
03/05/2003 00:00,       16.46
04/05/2003 00:00,       16.01
05/05/2003 00:00,       14.80
06/05/2003 00:00,       15.51
07/05/2003 00:00,       15.95
08/05/2003 00:00,       17.08
09/05/2003 00:00,""
10/05/2003 00:00,""
11/05/2003 00:00,""
12/05/2003 00:00,""
13/05/2003 00:00,""
14/05/2003 00:00,""
15/05/2003 00:00,""
16/05/2003 00:00,""
17/05/2003 00:00,""
18/05/2003 00:00,""
19/05/2003 00:00,""
20/05/2003 00:00,""
21/05/2003 00:00,""
22/05/2003 00:00,""
23/05/2003 00:00,""
24/05/2003 00:00,""
25/05/2003 00:00,""
26/05/2003 00:00,""
27/05/2003 00:00,""
28/05/2003 00:00,""
29/05/2003 00:00,""
30/05/2003 00:00,""
31/05/2003 00:00,""
01/06/2003 00:00,""
02/06/2003 00:00,""
03/06/2003 00:00,""
04/06/2003 00:00,""
05/06/2003 00:00,""
06/06/2003 00:00,""
07/06/2003 00:00,""
08/06/2003 00:00,""
09/06/2003 00:00,""
10/06/2003 00:00,""
11/06/2003 00:00,""
12/06/2003 00:00,""
13/06/2003 00:00,""
14/06/2003 00:00,""
15/06/2003 00:00,""
16/06/2003 00:00,""
17/06/2003 00:00,""
18/06/2003 00:00,""
19/06/2003 00:00,""
20/06/2003 00:00,""
21/06/2003 00:00,""
22/06/2003 00:00,""
23/06/2003 00:00,""
24/06/2003 00:00,""
25/06/2003 00:00,""
26/06/2003 00:00,""
27/06/2003 00:00,""
28/06/2003 00:00,""
29/06/2003 00:00,""
30/06/2003 00:00,""
01/07/2003 00:00,""
02/07/2003 00:00,""
03/07/2003 00:00,""
04/07/2003 00:00,""
05/07/2003 00:00,""
06/07/2003 00:00,""
07/07/2003 00:00,""
08/07/2003 00:00,""
09/07/2003 00:00,""
10/07/2003 00:00,""
11/07/2003 00:00,""
12/07/2003 00:00,""
13/07/2003 00:00,""
14/07/2003 00:00,""
15/07/2003 00:00,""
16/07/2003 00:00,""
17/07/2003 00:00,""
18/07/2003 00:00,""
19/07/2003 00:00,""
20/07/2003 00:00,""
21/07/2003 00:00,""
22/07/2003 00:00,""
23/07/2003 00:00,""
24/07/2003 00:00,""
25/07/2003 00:00,""
26/07/2003 00:00,""
27/07/2003 00:00,""
28/07/2003 00:00,""
29/07/2003 00:00,""
30/07/2003 00:00,""
31/07/2003 00:00,""
01/08/2003 00:00,""
02/08/2003 00:00,""
03/08/2003 00:00,""
04/08/2003 00:00,""
05/08/2003 00:00,""
06/08/2003 00:00,       10.88
07/08/2003 00:00,       12.14
08/08/2003 00:00,       12.32
09/08/2003 00:00,       12.43
10/08/2003 00:00,       11.04
11/08/2003 00:00,        9.48
12/08/2003 00:00,       10.41
13/08/2003 00:00,       11.04
14/08/2003 00:00,       10.84
15/08/2003 00:00,       11.54
16/08/2003 00:00,       12.10
17/08/2003 00:00,       12.16
18/08/2003 00:00,       11.26
19/08/2003 00:00,       11.04
20/08/2003 00:00,        9.95
21/08/2003 00:00,       10.15
22/08/2003 00:00,       11.02
23/08/2003 00:00,       11.56
24/08/2003 00:00,       11.53
25/08/2003 00:00,       12.05
26/08/2003 00:00,       12.40
27/08/2003 00:00,       13.03
28/08/2003 00:00,       14.12
29/08/2003 00:00,       13.30
30/08/2003 00:00,       11.07
31/08/2003 00:00,       10.92
01/09/2003 00:00,       11.62
02/09/2003 00:00,       12.76
03/09/2003 00:00,       13.06
04/09/2003 00:00,       14.11
05/09/2003 00:00,       14.20
06/09/2003 00:00,       15.50
07/09/2003 00:00,       16.34
08/09/2003 00:00,       14.62
09/09/2003 00:00,       15.06
10/09/2003 00:00,       15.54
11/09/2003 00:00,       14.80
12/09/2003 00:00,       13.77
13/09/2003 00:00,       13.41
14/09/2003 00:00,       11.70
15/09/2003 00:00,       11.42
16/09/2003 00:00,       12.67
17/09/2003 00:00,       13.73
18/09/2003 00:00,       14.06
19/09/2003 00:00,       14.88
20/09/2003 00:00,       16.13
21/09/2003 00:00,       16.20
22/09/2003 00:00,       16.65
23/09/2003 00:00,       15.71
24/09/2003 00:00,       13.78
25/09/2003 00:00,       14.38
26/09/2003 00:00,       14.01
27/09/2003 00:00,       12.02
28/09/2003 00:00,       13.62
29/09/2003 00:00,       13.20
30/09/2003 00:00,       13.47
01/10/2003 00:00,       12.80
02/10/2003 00:00,       13.52
03/10/2003 00:00,       13.99
04/10/2003 00:00,       15.36
05/10/2003 00:00,       15.60
06/10/2003 00:00,       16.78
07/10/2003 00:00,       17.08
08/10/2003 00:00,       15.85
09/10/2003 00:00,       14.70
10/10/2003 00:00,       13.72
11/10/2003 00:00,       13.54
12/10/2003 00:00,       14.27
13/10/2003 00:00,       15.78
14/10/2003 00:00,       17.41
15/10/2003 00:00,       17.75
16/10/2003 00:00,       17.53
17/10/2003 00:00,       19.47
18/10/2003 00:00,       20.24
19/10/2003 00:00,       16.64
20/10/2003 00:00,       16.40
21/10/2003 00:00,       15.97
22/10/2003 00:00,       15.85
23/10/2003 00:00,       16.56
24/10/2003 00:00,       17.02
25/10/2003 00:00,       16.57
26/10/2003 00:00,       16.04
27/10/2003 00:00,       16.22
28/10/2003 00:00,       15.29
29/10/2003 00:00,       15.02
30/10/2003 00:00,       15.76
31/10/2003 00:00,       14.78
01/11/2003 00:00,       14.26
02/11/2003 00:00,       14.92
03/11/2003 00:00,       16.44
04/11/2003 00:00,       18.85
05/11/2003 00:00,       20.08
06/11/2003 00:00,       20.26
07/11/2003 00:00,       20.43
08/11/2003 00:00,       19.80
09/11/2003 00:00,       19.72
10/11/2003 00:00,       19.69
11/11/2003 00:00,       20.30
12/11/2003 00:00,       20.32
13/11/2003 00:00,       20.46
14/11/2003 00:00,       23.61
15/11/2003 00:00,       24.14
16/11/2003 00:00,       20.40
17/11/2003 00:00,       21.30
18/11/2003 00:00,       22.29
19/11/2003 00:00,       23.27
20/11/2003 00:00,       23.75
21/11/2003 00:00,       21.73
22/11/2003 00:00,       17.75
23/11/2003 00:00,       16.28
24/11/2003 00:00,       17.31
25/11/2003 00:00,       18.92
26/11/2003 00:00,       20.84
27/11/2003 00:00,       20.77
28/11/2003 00:00,       20.68
29/11/2003 00:00,       20.44
30/11/2003 00:00,       19.53
01/12/2003 00:00,       19.60
02/12/2003 00:00,       20.12
03/12/2003 00:00,       21.35
04/12/2003 00:00,       19.78
05/12/2003 00:00,       18.50
06/12/2003 00:00,       18.44
07/12/2003 00:00,       20.56
08/12/2003 00:00,       21.12
09/12/2003 00:00,       22.68
10/12/2003 00:00,       20.66
11/12/2003 00:00,       19.63
12/12/2003 00:00,       19.54
13/12/2003 00:00,       19.28
14/12/2003 00:00,       21.97
15/12/2003 00:00,       23.13
16/12/2003 00:00,       25.36
17/12/2003 00:00,       21.95
18/12/2003 00:00,       23.18
19/12/2003 00:00,       24.61
20/12/2003 00:00,       23.97
21/12/2003 00:00,       22.94
22/12/2003 00:00,       19.16
23/12/2003 00:00,       20.97
24/12/2003 00:00,       23.12
25/12/2003 00:00,       23.89
26/12/2003 00:00,       23.95
27/12/2003 00:00,       21.71
28/12/2003 00:00,       21.94
29/12/2003 00:00,       22.59
30/12/2003 00:00,       24.40
31/12/2003 00:00,       25.70
01/01/2004 00:00,       25.49
02/01/2004 00:00,       26.60
03/01/2004 00:00,       26.56
04/01/2004 00:00,       24.31
05/01/2004 00:00,       23.34
06/01/2004 00:00,       21.62
07/01/2004 00:00,       18.36
08/01/2004 00:00,       16.69
09/01/2004 00:00,       18.15
10/01/2004 00:00,       20.01
11/01/2004 00:00,       20.71
12/01/2004 00:00,       21.78
13/01/2004 00:00,       21.50
14/01/2004 00:00,       20.85
15/01/2004 00:00,       20.78
16/01/2004 00:00,       21.25
17/01/2004 00:00,       19.59
18/01/2004 00:00,       19.47
19/01/2004 00:00,       20.58
20/01/2004 00:00,       22.45
21/01/2004 00:00,       22.34
22/01/2004 00:00,       21.75
23/01/2004 00:00,       22.64
24/01/2004 00:00,       21.86
25/01/2004 00:00,       22.07
26/01/2004 00:00,       22.13
27/01/2004 00:00,       20.99
28/01/2004 00:00,       20.02
29/01/2004 00:00,       19.36
30/01/2004 00:00,       20.03
31/01/2004 00:00,       19.81
01/02/2004 00:00,       20.12
02/02/2004 00:00,       20.56
03/02/2004 00:00,       19.96
04/02/2004 00:00,       20.63
05/02/2004 00:00,       23.54
06/02/2004 00:00,       24.36
07/02/2004 00:00,       25.17
08/02/2004 00:00,       25.03
09/02/2004 00:00,       23.66
10/02/2004 00:00,       21.90
11/02/2004 00:00,       22.61
12/02/2004 00:00,       23.90
13/02/2004 00:00,       24.35
14/02/2004 00:00,       26.93
15/02/2004 00:00,       27.35
16/02/2004 00:00,       25.04
17/02/2004 00:00,       24.20
18/02/2004 00:00,       23.63
19/02/2004 00:00,       23.49
20/02/2004 00:00,       24.77
21/02/2004 00:00,       22.28
22/02/2004 00:00,       21.21
23/02/2004 00:00,       20.16
24/02/2004 00:00,       20.22
25/02/2004 00:00,       21.43
26/02/2004 00:00,       21.74
27/02/2004 00:00,       22.40
28/02/2004 00:00,       21.93
29/02/2004 00:00,       20.67
01/03/2004 00:00,       20.07
02/03/2004 00:00,       20.76
03/03/2004 00:00,       22.18
04/03/2004 00:00,       22.97
05/03/2004 00:00,       21.66
06/03/2004 00:00,       19.56
07/03/2004 00:00,       18.77
08/03/2004 00:00,       19.05
09/03/2004 00:00,       18.80
10/03/2004 00:00,       18.82
11/03/2004 00:00,       18.23
12/03/2004 00:00,       18.72
13/03/2004 00:00,       19.22
14/03/2004 00:00,       20.09
15/03/2004 00:00,       20.48
16/03/2004 00:00,       21.03
17/03/2004 00:00,       20.41
18/03/2004 00:00,       19.45
19/03/2004 00:00,       20.34
20/03/2004 00:00,       20.16
21/03/2004 00:00,       18.19
22/03/2004 00:00,       17.78
23/03/2004 00:00,       19.10
24/03/2004 00:00,       20.06
25/03/2004 00:00,       20.89
26/03/2004 00:00,       21.31
27/03/2004 00:00,       20.37
28/03/2004 00:00,       19.39
29/03/2004 00:00,       17.15
30/03/2004 00:00,       17.07
31/03/2004 00:00,       16.83
01/04/2004 00:00,       17.42
02/04/2004 00:00,       18.95
03/04/2004 00:00,       18.69
04/04/2004 00:00,       18.51
05/04/2004 00:00,       18.91
06/04/2004 00:00,       19.17
07/04/2004 00:00,       17.98
08/04/2004 00:00,       18.21
09/04/2004 00:00,       18.12
10/04/2004 00:00,       18.18
11/04/2004 00:00,       18.45
12/04/2004 00:00,       18.82
13/04/2004 00:00,       19.19
14/04/2004 00:00,       19.80
15/04/2004 00:00,       19.43
16/04/2004 00:00,       18.89
17/04/2004 00:00,       17.24
18/04/2004 00:00,       17.65
19/04/2004 00:00,       16.82
20/04/2004 00:00,       17.24
21/04/2004 00:00,       18.69
22/04/2004 00:00,       18.99
23/04/2004 00:00,       15.70
24/04/2004 00:00,       15.04
25/04/2004 00:00,       14.15
26/04/2004 00:00,       14.49
27/04/2004 00:00,       15.56
28/04/2004 00:00,       15.65
29/04/2004 00:00,       14.75
30/04/2004 00:00,       13.77
01/05/2004 00:00,       12.89
02/05/2004 00:00,       12.75
03/05/2004 00:00,       14.22
04/05/2004 00:00,       14.84
05/05/2004 00:00,       15.73
06/05/2004 00:00,       15.39
07/05/2004 00:00,       15.68
08/05/2004 00:00,       15.66
09/05/2004 00:00,       15.93
10/05/2004 00:00,       14.72
11/05/2004 00:00,       14.48
12/05/2004 00:00,       14.48
13/05/2004 00:00,       14.47
14/05/2004 00:00,       15.41
15/05/2004 00:00,       14.94
16/05/2004 00:00,       14.56
17/05/2004 00:00,       14.65
18/05/2004 00:00,       13.93
19/05/2004 00:00,       13.66
20/05/2004 00:00,       13.95
21/05/2004 00:00,       15.44
22/05/2004 00:00,       15.17
23/05/2004 00:00,       14.33
24/05/2004 00:00,       14.33
25/05/2004 00:00,       14.50
26/05/2004 00:00,       14.19
27/05/2004 00:00,       12.80
28/05/2004 00:00,       12.81
29/05/2004 00:00,       12.97
30/05/2004 00:00,       13.71
31/05/2004 00:00,       14.28
01/06/2004 00:00,       12.47
02/06/2004 00:00,       12.78
03/06/2004 00:00,       12.85
04/06/2004 00:00,       13.08
05/06/2004 00:00,       13.57
06/06/2004 00:00,       12.13
07/06/2004 00:00,""
08/06/2004 00:00,""
09/06/2004 00:00,""
10/06/2004 00:00,       14.55
11/06/2004 00:00,       14.69
12/06/2004 00:00,       13.88
13/06/2004 00:00,       13.93
14/06/2004 00:00,       12.63
15/06/2004 00:00,       11.11
16/06/2004 00:00,       10.94
17/06/2004 00:00,       11.05
18/06/2004 00:00,       11.49
19/06/2004 00:00,       10.39
20/06/2004 00:00,       10.38
21/06/2004 00:00,       11.29
22/06/2004 00:00,       12.02
23/06/2004 00:00,       12.16
24/06/2004 00:00,       11.56
25/06/2004 00:00,       10.98
26/06/2004 00:00,       11.22
27/06/2004 00:00,       12.01
28/06/2004 00:00,       10.40
29/06/2004 00:00,       11.01
30/06/2004 00:00,       11.12
01/07/2004 00:00,       11.09
02/07/2004 00:00,       11.80
03/07/2004 00:00,       12.17
04/07/2004 00:00,       11.75
05/07/2004 00:00,       11.77
06/07/2004 00:00,       11.82
07/07/2004 00:00,       11.52
08/07/2004 00:00,       11.47
09/07/2004 00:00,       10.79
10/07/2004 00:00,       11.65
11/07/2004 00:00,       11.90
12/07/2004 00:00,       12.10
13/07/2004 00:00,       12.56
14/07/2004 00:00,       11.65
15/07/2004 00:00,       11.96
16/07/2004 00:00,       10.40
17/07/2004 00:00,        9.28
18/07/2004 00:00,        9.67
19/07/2004 00:00,       10.23
20/07/2004 00:00,       10.95
21/07/2004 00:00,       11.16
22/07/2004 00:00,       11.79
23/07/2004 00:00,       11.37
24/07/2004 00:00,       11.28
25/07/2004 00:00,       11.91
26/07/2004 00:00,       12.12
27/07/2004 00:00,       11.09
28/07/2004 00:00,       11.59
29/07/2004 00:00,       12.38
30/07/2004 00:00,       13.18
31/07/2004 00:00,       12.84
01/08/2004 00:00,       12.29
02/08/2004 00:00,       12.24
03/08/2004 00:00,       10.68
04/08/2004 00:00,       10.46
05/08/2004 00:00,       10.63
06/08/2004 00:00,       11.52
07/08/2004 00:00,       12.36
08/08/2004 00:00,       12.57
09/08/2004 00:00,       12.47
10/08/2004 00:00,       11.76
11/08/2004 00:00,       13.17
12/08/2004 00:00,       13.34
13/08/2004 00:00,       12.40
14/08/2004 00:00,       11.09
15/08/2004 00:00,       11.01
16/08/2004 00:00,       11.52
17/08/2004 00:00,       12.50
18/08/2004 00:00,       13.11
19/08/2004 00:00,       13.58
20/08/2004 00:00,       14.17
21/08/2004 00:00,       14.11
22/08/2004 00:00,       14.81
23/08/2004 00:00,       15.60
24/08/2004 00:00,       16.64
25/08/2004 00:00,       16.00
26/08/2004 00:00,""
27/08/2004 00:00,""
28/08/2004 00:00,""
29/08/2004 00:00,""
30/08/2004 00:00,""
31/08/2004 00:00,""
01/09/2004 00:00,""
02/09/2004 00:00,""
03/09/2004 00:00,""
04/09/2004 00:00,""
05/09/2004 00:00,""
06/09/2004 00:00,""
07/09/2004 00:00,""
08/09/2004 00:00,""
09/09/2004 00:00,""
10/09/2004 00:00,""
11/09/2004 00:00,""
12/09/2004 00:00,""
13/09/2004 00:00,""
14/09/2004 00:00,""
15/09/2004 00:00,""
16/09/2004 00:00,""
17/09/2004 00:00,""
18/09/2004 00:00,""
19/09/2004 00:00,""
20/09/2004 00:00,""
21/09/2004 00:00,       18.49
22/09/2004 00:00,       16.66
23/09/2004 00:00,       14.51
24/09/2004 00:00,       14.41
25/09/2004 00:00,       16.36
26/09/2004 00:00,       17.83
27/09/2004 00:00,       17.73
28/09/2004 00:00,       16.96
29/09/2004 00:00,       16.10
30/09/2004 00:00,       17.11
01/10/2004 00:00,       17.64
02/10/2004 00:00,       18.44
03/10/2004 00:00,       17.31
04/10/2004 00:00,       17.74
05/10/2004 00:00,       18.07
06/10/2004 00:00,       19.19
07/10/2004 00:00,       17.89
08/10/2004 00:00,       15.79
09/10/2004 00:00,       17.58
10/10/2004 00:00,       19.84
11/10/2004 00:00,       20.52
12/10/2004 00:00,       21.41
13/10/2004 00:00,       19.65
14/10/2004 00:00,       17.06
15/10/2004 00:00,       15.08
16/10/2004 00:00,       16.04
17/10/2004 00:00,       17.59
18/10/2004 00:00,       18.16
19/10/2004 00:00,       18.57
20/10/2004 00:00,       19.58
21/10/2004 00:00,       21.44
22/10/2004 00:00,       21.63
23/10/2004 00:00,       18.76
24/10/2004 00:00,       18.37
25/10/2004 00:00,       18.53
26/10/2004 00:00,       18.78
27/10/2004 00:00,       15.74
28/10/2004 00:00,       17.02
29/10/2004 00:00,       17.79
30/10/2004 00:00,       18.99
31/10/2004 00:00,       20.46
01/11/2004 00:00,       20.73
02/11/2004 00:00,       18.44
03/11/2004 00:00,       17.29
04/11/2004 00:00,       16.85
05/11/2004 00:00,       16.15
06/11/2004 00:00,       15.00
07/11/2004 00:00,       16.68
08/11/2004 00:00,       17.52
09/11/2004 00:00,       18.65
10/11/2004 00:00,       18.68
11/11/2004 00:00,       18.25
12/11/2004 00:00,       18.18
13/11/2004 00:00,       15.94
14/11/2004 00:00,       17.12
15/11/2004 00:00,       18.30
16/11/2004 00:00,       20.83
17/11/2004 00:00,       22.21
18/11/2004 00:00,       20.23
19/11/2004 00:00,       17.55
20/11/2004 00:00,       18.80
21/11/2004 00:00,       19.05
22/11/2004 00:00,       18.92
23/11/2004 00:00,       19.60
24/11/2004 00:00,       21.33
25/11/2004 00:00,       23.56
26/11/2004 00:00,       24.73
27/11/2004 00:00,       25.36
28/11/2004 00:00,       25.96
29/11/2004 00:00,       24.85
30/11/2004 00:00,       23.53
01/12/2004 00:00,       20.06
02/12/2004 00:00,       19.73
03/12/2004 00:00,       20.44
04/12/2004 00:00,       22.35
05/12/2004 00:00,       22.98
06/12/2004 00:00,       20.64
07/12/2004 00:00,       19.60
08/12/2004 00:00,       19.20
09/12/2004 00:00,       20.43
10/12/2004 00:00,       22.39
11/12/2004 00:00,       23.78
12/12/2004 00:00,       23.66
13/12/2004 00:00,       21.20
14/12/2004 00:00,       20.53
15/12/2004 00:00,       21.27
16/12/2004 00:00,       23.20
17/12/2004 00:00,       24.79
18/12/2004 00:00,       25.65
19/12/2004 00:00,       21.21
20/12/2004 00:00,       21.06
21/12/2004 00:00,       22.21
22/12/2004 00:00,       24.18
23/12/2004 00:00,       24.78
24/12/2004 00:00,       21.38
25/12/2004 00:00,       21.27
26/12/2004 00:00,       22.18
27/12/2004 00:00,       19.78
28/12/2004 00:00,       18.22
29/12/2004 00:00,       19.24
30/12/2004 00:00,       21.50
31/12/2004 00:00,       23.50
01/01/2005 00:00,       22.71
02/01/2005 00:00,       22.14
03/01/2005 00:00,       21.96
04/01/2005 00:00,       18.60
05/01/2005 00:00,       18.89
06/01/2005 00:00,       19.20
07/01/2005 00:00,       19.69
08/01/2005 00:00,       20.19
09/01/2005 00:00,       22.16
10/01/2005 00:00,       24.03
11/01/2005 00:00,       24.49
12/01/2005 00:00,       22.75
13/01/2005 00:00,       24.67
14/01/2005 00:00,       23.13
15/01/2005 00:00,       22.79
16/01/2005 00:00,       20.31
17/01/2005 00:00,       20.58
18/01/2005 00:00,       22.15
19/01/2005 00:00,       23.26
20/01/2005 00:00,       21.08
21/01/2005 00:00,       20.50
22/01/2005 00:00,       22.34
23/01/2005 00:00,       22.81
24/01/2005 00:00,       22.97
25/01/2005 00:00,       24.37
26/01/2005 00:00,       26.26
27/01/2005 00:00,       24.63
28/01/2005 00:00,       24.32
29/01/2005 00:00,       23.68
30/01/2005 00:00,       23.50
31/01/2005 00:00,       23.94
01/02/2005 00:00,       21.45
02/02/2005 00:00,       16.56
03/02/2005 00:00,       14.74
04/02/2005 00:00,       14.89
05/02/2005 00:00,       16.22
06/02/2005 00:00,       19.45
07/02/2005 00:00,       21.42
08/02/2005 00:00,       20.44
09/02/2005 00:00,       20.53
10/02/2005 00:00,       20.59
11/02/2005 00:00,       20.43
12/02/2005 00:00,       20.70
13/02/2005 00:00,       20.35
14/02/2005 00:00,       21.76
15/02/2005 00:00,       22.10
16/02/2005 00:00,       20.09
17/02/2005 00:00,       20.08
18/02/2005 00:00,       19.31
19/02/2005 00:00,       18.29
20/02/2005 00:00,       18.73
21/02/2005 00:00,       20.70
22/02/2005 00:00,       22.64
23/02/2005 00:00,       23.64
24/02/2005 00:00,       20.78
25/02/2005 00:00,       20.65
26/02/2005 00:00,       21.02
27/02/2005 00:00,       21.66
28/02/2005 00:00,       23.31
01/03/2005 00:00,       22.98
02/03/2005 00:00,       20.94
03/03/2005 00:00,       20.72
04/03/2005 00:00,       19.99
05/03/2005 00:00,       17.86
06/03/2005 00:00,       18.08
07/03/2005 00:00,       18.86
08/03/2005 00:00,       20.27
09/03/2005 00:00,       20.88
10/03/2005 00:00,       21.03
11/03/2005 00:00,       22.23
12/03/2005 00:00,       22.88
13/03/2005 00:00,       22.21
14/03/2005 00:00,       22.59
15/03/2005 00:00,       21.32
16/03/2005 00:00,       19.06
17/03/2005 00:00,       17.10
18/03/2005 00:00,       17.85
19/03/2005 00:00,       19.37
20/03/2005 00:00,       20.48
21/03/2005 00:00,       21.04
22/03/2005 00:00,       20.29
23/03/2005 00:00,       19.78
24/03/2005 00:00,       18.87
25/03/2005 00:00,       18.71
26/03/2005 00:00,       18.71
27/03/2005 00:00,       19.19
28/03/2005 00:00,       20.40
29/03/2005 00:00,       20.49
30/03/2005 00:00,       20.90
31/03/2005 00:00,       21.46
01/04/2005 00:00,       21.82
02/04/2005 00:00,       22.83
03/04/2005 00:00,       20.10
04/04/2005 00:00,       18.84
05/04/2005 00:00,       18.31
06/04/2005 00:00,       18.80
07/04/2005 00:00,       18.52
08/04/2005 00:00,       19.42
09/04/2005 00:00,       20.72
10/04/2005 00:00,       20.43
11/04/2005 00:00,       19.85
12/04/2005 00:00,       19.24
13/04/2005 00:00,       19.90
14/04/2005 00:00,       17.91
15/04/2005 00:00,       16.15
16/04/2005 00:00,       16.26
17/04/2005 00:00,       16.86
18/04/2005 00:00,       15.78
19/04/2005 00:00,       15.63
20/04/2005 00:00,       16.98
21/04/2005 00:00,       17.32
22/04/2005 00:00,       17.89
23/04/2005 00:00,       18.22
24/04/2005 00:00,       18.71
25/04/2005 00:00,       18.60
26/04/2005 00:00,       18.38
27/04/2005 00:00,       18.41
28/04/2005 00:00,       18.89
29/04/2005 00:00,       17.40
30/04/2005 00:00,       16.54
01/05/2005 00:00,       16.28
02/05/2005 00:00,       17.46
03/05/2005 00:00,       17.11
04/05/2005 00:00,       17.29
05/05/2005 00:00,       16.86
06/05/2005 00:00,       15.71
07/05/2005 00:00,       14.76
08/05/2005 00:00,       14.78
09/05/2005 00:00,       15.05
10/05/2005 00:00,       15.09
11/05/2005 00:00,       15.57
12/05/2005 00:00,       16.42
13/05/2005 00:00,       16.66
14/05/2005 00:00,       17.12
15/05/2005 00:00,       16.73
16/05/2005 00:00,       16.35
17/05/2005 00:00,       15.45
18/05/2005 00:00,       15.06
19/05/2005 00:00,       15.51
20/05/2005 00:00,       15.85
21/05/2005 00:00,       15.57
22/05/2005 00:00,""
23/05/2005 00:00,""
24/05/2005 00:00,""
25/05/2005 00:00,""
26/05/2005 00:00,""
27/05/2005 00:00,""
28/05/2005 00:00,""
29/05/2005 00:00,""
30/05/2005 00:00,""
31/05/2005 00:00,""
01/06/2005 00:00,""
02/06/2005 00:00,""
03/06/2005 00:00,""
04/06/2005 00:00,""
05/06/2005 00:00,""
06/06/2005 00:00,""
07/06/2005 00:00,""
08/06/2005 00:00,""
09/06/2005 00:00,""
10/06/2005 00:00,""
11/06/2005 00:00,""
12/06/2005 00:00,""
13/06/2005 00:00,""
14/06/2005 00:00,""
15/06/2005 00:00,""
16/06/2005 00:00,""
17/06/2005 00:00,""
18/06/2005 00:00,""
19/06/2005 00:00,""
20/06/2005 00:00,""
21/06/2005 00:00,""
22/06/2005 00:00,""
23/06/2005 00:00,""
24/06/2005 00:00,""
25/06/2005 00:00,""
26/06/2005 00:00,""
27/06/2005 00:00,""
28/06/2005 00:00,""
29/06/2005 00:00,""
30/06/2005 00:00,""
01/07/2005 00:00,""
02/07/2005 00:00,""
03/07/2005 00:00,""
04/07/2005 00:00,""
05/07/2005 00:00,""
06/07/2005 00:00,""
07/07/2005 00:00,""
08/07/2005 00:00,""
09/07/2005 00:00,""
10/07/2005 00:00,""
11/07/2005 00:00,""
12/07/2005 00:00,""
13/07/2005 00:00,""
14/07/2005 00:00,""
15/07/2005 00:00,""
16/07/2005 00:00,""
17/07/2005 00:00,""
18/07/2005 00:00,""
19/07/2005 00:00,""
20/07/2005 00:00,""
21/07/2005 00:00,""
22/07/2005 00:00,""
23/07/2005 00:00,""
24/07/2005 00:00,""
25/07/2005 00:00,""
26/07/2005 00:00,""
27/07/2005 00:00,""
28/07/2005 00:00,""
29/07/2005 00:00,""
30/07/2005 00:00,""
31/07/2005 00:00,""
01/08/2005 00:00,""
02/08/2005 00:00,""
03/08/2005 00:00,""
04/08/2005 00:00,""
05/08/2005 00:00,""
06/08/2005 00:00,""
07/08/2005 00:00,""
08/08/2005 00:00,""
09/08/2005 00:00,""
10/08/2005 00:00,""
11/08/2005 00:00,""
12/08/2005 00:00,""
13/08/2005 00:00,""
14/08/2005 00:00,""
15/08/2005 00:00,""
16/08/2005 00:00,""
17/08/2005 00:00,""
18/08/2005 00:00,       12.66
19/08/2005 00:00,       12.61
20/08/2005 00:00,       12.57
21/08/2005 00:00,       13.21
22/08/2005 00:00,       13.28
23/08/2005 00:00,       13.99
24/08/2005 00:00,       13.69
25/08/2005 00:00,       13.21
26/08/2005 00:00,       13.68
27/08/2005 00:00,       14.18
28/08/2005 00:00,       14.77
29/08/2005 00:00,       15.53
30/08/2005 00:00,       15.21
31/08/2005 00:00,       12.08
01/09/2005 00:00,       13.09
02/09/2005 00:00,       13.90
03/09/2005 00:00,       13.91
04/09/2005 00:00,       14.28
05/09/2005 00:00,       14.95
06/09/2005 00:00,       15.86
07/09/2005 00:00,       16.17
08/09/2005 00:00,       17.52
09/09/2005 00:00,       17.77
10/09/2005 00:00,       16.44
11/09/2005 00:00,       14.34
12/09/2005 00:00,       13.24
13/09/2005 00:00,       14.90
14/09/2005 00:00,       15.44
15/09/2005 00:00,       14.90
16/09/2005 00:00,       14.22
17/09/2005 00:00,       12.84
18/09/2005 00:00,       14.86
19/09/2005 00:00,       14.70
20/09/2005 00:00,       15.09
21/09/2005 00:00,       15.85
22/09/2005 00:00,       17.77
23/09/2005 00:00,       17.82
24/09/2005 00:00,       17.66
25/09/2005 00:00,       16.91
26/09/2005 00:00,       16.29
27/09/2005 00:00,       16.50
28/09/2005 00:00,       16.34
29/09/2005 00:00,       14.02
30/09/2005 00:00,       15.40
01/10/2005 00:00,       16.80
02/10/2005 00:00,       18.43
03/10/2005 00:00,       18.01
04/10/2005 00:00,       18.34
05/10/2005 00:00,       18.40
06/10/2005 00:00,       17.54
07/10/2005 00:00,       16.16
08/10/2005 00:00,       13.23
09/10/2005 00:00,       13.61
10/10/2005 00:00,       16.00
11/10/2005 00:00,       15.12
12/10/2005 00:00,       16.48
13/10/2005 00:00,       16.74
14/10/2005 00:00,       16.05
15/10/2005 00:00,       17.22
16/10/2005 00:00,       18.71
17/10/2005 00:00,       20.15
18/10/2005 00:00,       19.87
19/10/2005 00:00,       18.59
20/10/2005 00:00,       18.84
21/10/2005 00:00,       19.13
22/10/2005 00:00,       18.68
23/10/2005 00:00,       17.85
24/10/2005 00:00,       16.92
25/10/2005 00:00,       17.87
26/10/2005 00:00,       17.37
27/10/2005 00:00,       17.11
28/10/2005 00:00,       18.73
29/10/2005 00:00,       17.80
30/10/2005 00:00,       17.45
31/10/2005 00:00,       19.83
01/11/2005 00:00,       21.58
02/11/2005 00:00,       23.36
03/11/2005 00:00,       20.61
04/11/2005 00:00,       20.63
05/11/2005 00:00,       21.54
06/11/2005 00:00,       20.64
07/11/2005 00:00,       20.27
08/11/2005 00:00,       19.62
09/11/2005 00:00,       19.76
10/11/2005 00:00,       17.75
11/11/2005 00:00,       17.81
12/11/2005 00:00,       19.12
13/11/2005 00:00,       20.10
14/11/2005 00:00,       20.36
15/11/2005 00:00,       18.68
16/11/2005 00:00,       18.35
17/11/2005 00:00,       21.52
18/11/2005 00:00,       22.23
19/11/2005 00:00,       19.94
20/11/2005 00:00,       19.49
21/11/2005 00:00,       20.56
22/11/2005 00:00,       20.04
23/11/2005 00:00,       19.64
24/11/2005 00:00,       19.97
25/11/2005 00:00,       20.09
26/11/2005 00:00,       17.63
27/11/2005 00:00,       17.33
28/11/2005 00:00,       18.71
29/11/2005 00:00,       19.67
30/11/2005 00:00,       20.14
01/12/2005 00:00,       20.55
02/12/2005 00:00,       17.95
03/12/2005 00:00,       18.06
04/12/2005 00:00,       20.84
05/12/2005 00:00,       22.21
06/12/2005 00:00,       23.30
07/12/2005 00:00,       20.34
08/12/2005 00:00,       19.08
09/12/2005 00:00,       20.31
10/12/2005 00:00,       21.12
11/12/2005 00:00,       22.83
12/12/2005 00:00,       21.68
13/12/2005 00:00,       18.90
14/12/2005 00:00,       20.02
15/12/2005 00:00,       20.29
16/12/2005 00:00,       18.61
17/12/2005 00:00,       17.94
18/12/2005 00:00,       17.50
19/12/2005 00:00,       19.82
20/12/2005 00:00,       23.29
21/12/2005 00:00,       23.20
22/12/2005 00:00,       23.56
23/12/2005 00:00,       22.76
24/12/2005 00:00,       17.89
25/12/2005 00:00,       18.80
26/12/2005 00:00,       20.81
27/12/2005 00:00,       21.88
28/12/2005 00:00,       21.46
29/12/2005 00:00,       23.31
30/12/2005 00:00,       25.58
31/12/2005 00:00,       25.61
01/01/2006 00:00,       24.14
02/01/2006 00:00,       22.35
03/01/2006 00:00,       21.33
04/01/2006 00:00,       20.55
05/01/2006 00:00,       20.70
06/01/2006 00:00,       21.51
07/01/2006 00:00,       23.19
08/01/2006 00:00,       24.47
09/01/2006 00:00,       25.26
10/01/2006 00:00,       24.60
11/01/2006 00:00,       23.39
12/01/2006 00:00,       22.88
13/01/2006 00:00,       22.37
14/01/2006 00:00,       21.68
15/01/2006 00:00,       21.69
16/01/2006 00:00,       23.47
17/01/2006 00:00,       24.27
18/01/2006 00:00,       23.74
19/01/2006 00:00,       25.37
20/01/2006 00:00,       27.39
21/01/2006 00:00,       29.01
22/01/2006 00:00,       26.80
23/01/2006 00:00,       24.27
24/01/2006 00:00,       22.12
25/01/2006 00:00,       21.86
26/01/2006 00:00,       23.55
27/01/2006 00:00,       23.37
28/01/2006 00:00,       23.61
29/01/2006 00:00,       22.31
30/01/2006 00:00,       20.37
31/01/2006 00:00,       19.73
01/02/2006 00:00,       19.55
02/02/2006 00:00,       19.33
03/02/2006 00:00,       20.25
04/02/2006 00:00,       20.67
05/02/2006 00:00,       21.84
06/02/2006 00:00,       21.46
07/02/2006 00:00,       20.99
08/02/2006 00:00,       21.42
09/02/2006 00:00,       19.81
10/02/2006 00:00,       20.85
11/02/2006 00:00,       21.34
12/02/2006 00:00,       22.00
13/02/2006 00:00,       21.61
14/02/2006 00:00,       21.42
15/02/2006 00:00,       22.03
16/02/2006 00:00,       23.71
17/02/2006 00:00,       23.53
18/02/2006 00:00,       23.22
19/02/2006 00:00,       21.87
20/02/2006 00:00,       21.33
21/02/2006 00:00,       20.85
22/02/2006 00:00,       21.78
23/02/2006 00:00,       22.36
24/02/2006 00:00,       22.71
25/02/2006 00:00,       23.35
26/02/2006 00:00,       22.24
27/02/2006 00:00,       21.34
28/02/2006 00:00,       21.57
01/03/2006 00:00,       21.89
02/03/2006 00:00,       22.78
03/03/2006 00:00,       24.80
04/03/2006 00:00,       24.35
05/03/2006 00:00,       23.37
06/03/2006 00:00,       22.31
07/03/2006 00:00,       20.35
08/03/2006 00:00,       20.90
09/03/2006 00:00,       22.09
10/03/2006 00:00,       23.16
11/03/2006 00:00,       23.52
12/03/2006 00:00,       23.57
13/03/2006 00:00,       21.88
14/03/2006 00:00,       21.21
15/03/2006 00:00,       21.32
16/03/2006 00:00,       19.78
17/03/2006 00:00,       19.96
18/03/2006 00:00,       20.68
19/03/2006 00:00,       20.92
20/03/2006 00:00,       20.80
21/03/2006 00:00,       20.86
22/03/2006 00:00,       21.18
23/03/2006 00:00,       22.72
24/03/2006 00:00,       23.52
25/03/2006 00:00,       23.80
26/03/2006 00:00,       23.39
27/03/2006 00:00,       21.68
28/03/2006 00:00,       19.57
29/03/2006 00:00,       19.09
30/03/2006 00:00,       18.98
31/03/2006 00:00,       18.41
01/04/2006 00:00,       17.14
02/04/2006 00:00,       16.62
03/04/2006 00:00,       16.70
04/04/2006 00:00,       17.92
05/04/2006 00:00,       16.95
06/04/2006 00:00,       14.89
07/04/2006 00:00,       16.32
08/04/2006 00:00,       17.37
09/04/2006 00:00,       17.61
10/04/2006 00:00,       17.66
11/04/2006 00:00,       18.14
12/04/2006 00:00,       17.94
13/04/2006 00:00,       18.46
14/04/2006 00:00,       17.66
15/04/2006 00:00,       15.93
16/04/2006 00:00,       15.52
17/04/2006 00:00,       14.14
18/04/2006 00:00,       13.88
19/04/2006 00:00,       15.14
20/04/2006 00:00,       14.77
21/04/2006 00:00,       14.86
22/04/2006 00:00,       14.98
23/04/2006 00:00,       15.17
24/04/2006 00:00,       16.72
25/04/2006 00:00,       16.05
26/04/2006 00:00,       15.94
27/04/2006 00:00,       15.51
28/04/2006 00:00,       15.32
29/04/2006 00:00,       15.94
30/04/2006 00:00,       16.30
01/05/2006 00:00,       15.80
02/05/2006 00:00,       15.75
03/05/2006 00:00,       15.94
04/05/2006 00:00,       16.24
05/05/2006 00:00,       16.22
06/05/2006 00:00,       16.34
07/05/2006 00:00,       13.38
08/05/2006 00:00,       12.97
09/05/2006 00:00,       14.10
10/05/2006 00:00,       14.32
11/05/2006 00:00,       15.01
12/05/2006 00:00,       15.57
13/05/2006 00:00,       15.17
14/05/2006 00:00,       14.51
15/05/2006 00:00,       14.86
16/05/2006 00:00,       15.20
17/05/2006 00:00,       15.77
18/05/2006 00:00,       15.83
19/05/2006 00:00,       15.63
20/05/2006 00:00,       15.54
21/05/2006 00:00,       14.68
22/05/2006 00:00,       14.53
23/05/2006 00:00,       14.13
24/05/2006 00:00,       13.54
25/05/2006 00:00,       13.63
26/05/2006 00:00,       13.05
27/05/2006 00:00,       12.17
28/05/2006 00:00,       12.62
29/05/2006 00:00,       13.24
30/05/2006 00:00,       12.88
31/05/2006 00:00,       11.39
01/06/2006 00:00,       12.60
02/06/2006 00:00,       13.13
03/06/2006 00:00,       13.10
04/06/2006 00:00,       13.28
05/06/2006 00:00,       13.60
06/06/2006 00:00,       14.44
07/06/2006 00:00,       14.07
08/06/2006 00:00,       14.52
09/06/2006 00:00,       14.00
10/06/2006 00:00,       12.56
11/06/2006 00:00,       11.22
12/06/2006 00:00,       11.06
13/06/2006 00:00,       11.22
14/06/2006 00:00,       11.43
15/06/2006 00:00,       10.91
16/06/2006 00:00,       12.57
17/06/2006 00:00,       13.12
18/06/2006 00:00,       12.56
19/06/2006 00:00,       12.61
20/06/2006 00:00,       13.27
21/06/2006 00:00,       12.64
22/06/2006 00:00,       12.24
23/06/2006 00:00,       11.36
24/06/2006 00:00,       11.44
25/06/2006 00:00,       11.79
26/06/2006 00:00,       12.62
27/06/2006 00:00,       11.75
28/06/2006 00:00,       12.14
29/06/2006 00:00,       10.63
30/06/2006 00:00,       10.84
01/07/2006 00:00,       11.54
02/07/2006 00:00,       11.20
03/07/2006 00:00,       11.19
04/07/2006 00:00,       12.27
05/07/2006 00:00,       12.40
06/07/2006 00:00,       11.77
07/07/2006 00:00,       11.86
08/07/2006 00:00,       12.13
09/07/2006 00:00,       11.79
10/07/2006 00:00,       10.61
11/07/2006 00:00,       11.60
12/07/2006 00:00,       11.58
13/07/2006 00:00,       11.86
14/07/2006 00:00,       11.38
15/07/2006 00:00,       10.17
16/07/2006 00:00,       10.84
17/07/2006 00:00,       11.55
18/07/2006 00:00,       11.97
19/07/2006 00:00,       11.92
20/07/2006 00:00,       10.71
21/07/2006 00:00,       10.96
22/07/2006 00:00,       11.24
23/07/2006 00:00,       11.57
24/07/2006 00:00,       12.26
25/07/2006 00:00,       11.84
26/07/2006 00:00,       11.69
27/07/2006 00:00,       11.97
28/07/2006 00:00,       11.86
29/07/2006 00:00,       11.43
30/07/2006 00:00,       12.04
31/07/2006 00:00,       11.91
01/08/2006 00:00,       12.06
02/08/2006 00:00,       12.25
03/08/2006 00:00,       12.28
04/08/2006 00:00,       13.17
05/08/2006 00:00,       13.45
06/08/2006 00:00,       13.97
07/08/2006 00:00,       13.93
08/08/2006 00:00,       13.68
09/08/2006 00:00,       12.97
10/08/2006 00:00,       12.88
11/08/2006 00:00,       12.89
12/08/2006 00:00,       13.09
13/08/2006 00:00,       13.00
14/08/2006 00:00,       13.46
15/08/2006 00:00,       13.38
16/08/2006 00:00,       13.32
17/08/2006 00:00,       12.37
18/08/2006 00:00,       12.76
19/08/2006 00:00,       13.26
20/08/2006 00:00,       13.68
21/08/2006 00:00,       13.44
22/08/2006 00:00,       13.43
23/08/2006 00:00,       13.61
24/08/2006 00:00,       13.23
25/08/2006 00:00,       12.91
26/08/2006 00:00,       12.76
27/08/2006 00:00,       12.69
28/08/2006 00:00,       13.80
29/08/2006 00:00,       14.19
30/08/2006 00:00,       14.56
31/08/2006 00:00,       15.24
01/09/2006 00:00,       15.35
02/09/2006 00:00,       16.91
03/09/2006 00:00,       15.02
04/09/2006 00:00,       14.39
05/09/2006 00:00,       14.86
06/09/2006 00:00,       12.46
07/09/2006 00:00,       13.00
08/09/2006 00:00,       13.28
09/09/2006 00:00,       12.21
10/09/2006 00:00,       12.70
11/09/2006 00:00,       13.58
12/09/2006 00:00,       14.57
13/09/2006 00:00,       15.12
14/09/2006 00:00,       15.57
15/09/2006 00:00,       16.70
16/09/2006 00:00,       17.31
17/09/2006 00:00,       18.32
18/09/2006 00:00,       17.73
19/09/2006 00:00,       16.65
20/09/2006 00:00,       14.46
21/09/2006 00:00,       15.01
22/09/2006 00:00,       14.75
23/09/2006 00:00,       13.91
24/09/2006 00:00,       13.45
25/09/2006 00:00,       12.92
26/09/2006 00:00,       14.67
27/09/2006 00:00,       15.84
28/09/2006 00:00,       16.31
29/09/2006 00:00,       15.91
30/09/2006 00:00,       17.13
01/10/2006 00:00,       16.64
02/10/2006 00:00,       16.25
03/10/2006 00:00,       17.18
04/10/2006 00:00,       17.79
05/10/2006 00:00,       15.52
06/10/2006 00:00,       16.35
07/10/2006 00:00,       18.62
08/10/2006 00:00,       15.84
09/10/2006 00:00,       15.39
10/10/2006 00:00,       16.42
11/10/2006 00:00,       18.00
12/10/2006 00:00,       19.27
13/10/2006 00:00,       18.29
14/10/2006 00:00,       18.40
15/10/2006 00:00,       17.61
16/10/2006 00:00,       17.18
17/10/2006 00:00,       18.02
18/10/2006 00:00,       17.72
19/10/2006 00:00,       18.79
20/10/2006 00:00,       17.62
21/10/2006 00:00,       16.46
22/10/2006 00:00,       15.97
23/10/2006 00:00,       17.79
24/10/2006 00:00,       18.69
25/10/2006 00:00,       16.77
26/10/2006 00:00,       16.45
27/10/2006 00:00,       16.15
28/10/2006 00:00,       14.56
29/10/2006 00:00,       15.91
30/10/2006 00:00,       17.11
31/10/2006 00:00,       18.82
01/11/2006 00:00,       19.73
02/11/2006 00:00,       19.46
03/11/2006 00:00,       18.21
04/11/2006 00:00,       19.70
05/11/2006 00:00,       19.35
06/11/2006 00:00,       17.68
07/11/2006 00:00,       16.81
08/11/2006 00:00,       16.11
09/11/2006 00:00,       16.84
10/11/2006 00:00,       19.17
11/11/2006 00:00,       20.11
12/11/2006 00:00,       20.35
13/11/2006 00:00,       18.50
14/11/2006 00:00,       17.48
15/11/2006 00:00,       14.68
16/11/2006 00:00,       14.83
17/11/2006 00:00,       16.67
18/11/2006 00:00,       19.86
19/11/2006 00:00,       21.85
20/11/2006 00:00,       21.86
21/11/2006 00:00,       21.95
22/11/2006 00:00,       19.43
23/11/2006 00:00,       20.75
24/11/2006 00:00,       23.03
25/11/2006 00:00,       23.60
26/11/2006 00:00,       21.46
27/11/2006 00:00,       21.14
28/11/2006 00:00,       22.03
29/11/2006 00:00,       22.67
30/11/2006 00:00,       23.14
01/12/2006 00:00,       21.71
02/12/2006 00:00,       18.57
03/12/2006 00:00,       19.73
04/12/2006 00:00,       21.18
05/12/2006 00:00,       22.93
06/12/2006 00:00,       21.48
07/12/2006 00:00,       21.15
08/12/2006 00:00,       22.64
09/12/2006 00:00,       24.73
10/12/2006 00:00,       24.15
11/12/2006 00:00,       20.32
12/12/2006 00:00,       19.22
13/12/2006 00:00,""
14/12/2006 00:00,""
15/12/2006 00:00,""
16/12/2006 00:00,""
17/12/2006 00:00,""
18/12/2006 00:00,""
19/12/2006 00:00,""
20/12/2006 00:00,""
21/12/2006 00:00,""
22/12/2006 00:00,""
23/12/2006 00:00,""
24/12/2006 00:00,""
25/12/2006 00:00,""
26/12/2006 00:00,""
27/12/2006 00:00,""
28/12/2006 00:00,""
29/12/2006 00:00,""
30/12/2006 00:00,""
31/12/2006 00:00,""
01/01/2007 00:00,""
02/01/2007 00:00,""
03/01/2007 00:00,""
04/01/2007 00:00,""
05/01/2007 00:00,""
06/01/2007 00:00,""
07/01/2007 00:00,""
08/01/2007 00:00,""
09/01/2007 00:00,""
10/01/2007 00:00,""
11/01/2007 00:00,""
12/01/2007 00:00,""
13/01/2007 00:00,""
14/01/2007 00:00,""
15/01/2007 00:00,""
16/01/2007 00:00,""
17/01/2007 00:00,""
18/01/2007 00:00,""
19/01/2007 00:00,""
20/01/2007 00:00,""
21/01/2007 00:00,""
22/01/2007 00:00,""
23/01/2007 00:00,""
24/01/2007 00:00,""
25/01/2007 00:00,""
26/01/2007 00:00,""
27/01/2007 00:00,""
28/01/2007 00:00,""
29/01/2007 00:00,""
30/01/2007 00:00,""
31/01/2007 00:00,""
01/02/2007 00:00,""
02/02/2007 00:00,""
03/02/2007 00:00,""
04/02/2007 00:00,""
05/02/2007 00:00,""
06/02/2007 00:00,""
07/02/2007 00:00,""
08/02/2007 00:00,""
09/02/2007 00:00,""
10/02/2007 00:00,""
11/02/2007 00:00,""
12/02/2007 00:00,""
13/02/2007 00:00,""
14/02/2007 00:00,""
15/02/2007 00:00,""
16/02/2007 00:00,""
17/02/2007 00:00,       26.35
18/02/2007 00:00,""
19/02/2007 00:00,""
20/02/2007 00:00,""
21/02/2007 00:00,""
22/02/2007 00:00,""
23/02/2007 00:00,""
24/02/2007 00:00,""
25/02/2007 00:00,""
26/02/2007 00:00,""
27/02/2007 00:00,""
28/02/2007 00:00,""
01/03/2007 00:00,""
02/03/2007 00:00,""
03/03/2007 00:00,       24.28
04/03/2007 00:00,       22.44
05/03/2007 00:00,       20.59
06/03/2007 00:00,       18.77
07/03/2007 00:00,""
08/03/2007 00:00,""
09/03/2007 00:00,""
10/03/2007 00:00,""
11/03/2007 00:00,       20.66
12/03/2007 00:00,       19.20
13/03/2007 00:00,""
14/03/2007 00:00,""
15/03/2007 00:00,       22.91
16/03/2007 00:00,""
17/03/2007 00:00,""
18/03/2007 00:00,       20.07
19/03/2007 00:00,       20.75
20/03/2007 00:00,""
21/03/2007 00:00,       21.77
22/03/2007 00:00,       22.24
23/03/2007 00:00,       22.35
24/03/2007 00:00,       18.37
25/03/2007 00:00,       17.98
26/03/2007 00:00,       17.59
27/03/2007 00:00,       19.12
28/03/2007 00:00,       19.04
29/03/2007 00:00,       17.21
30/03/2007 00:00,       16.36
31/03/2007 00:00,       17.73
01/04/2007 00:00,       19.02
02/04/2007 00:00,""
03/04/2007 00:00,""
04/04/2007 00:00,""
05/04/2007 00:00,""
06/04/2007 00:00,""
07/04/2007 00:00,""
08/04/2007 00:00,""
09/04/2007 00:00,       19.23
10/04/2007 00:00,       20.07
11/04/2007 00:00,       21.17
12/04/2007 00:00,       21.15
13/04/2007 00:00,       21.20
14/04/2007 00:00,       20.89
15/04/2007 00:00,       19.71
16/04/2007 00:00,       19.58
17/04/2007 00:00,""
18/04/2007 00:00,       18.14
19/04/2007 00:00,       18.99
20/04/2007 00:00,       19.22
21/04/2007 00:00,       18.79
22/04/2007 00:00,       18.06
23/04/2007 00:00,""
24/04/2007 00:00,""
25/04/2007 00:00,""
26/04/2007 00:00,       17.58
27/04/2007 00:00,       17.34
28/04/2007 00:00,       17.41
29/04/2007 00:00,       17.10
30/04/2007 00:00,       17.37
01/05/2007 00:00,       17.60
02/05/2007 00:00,       17.25
03/05/2007 00:00,       17.03
04/05/2007 00:00,       16.35
05/05/2007 00:00,       17.16
06/05/2007 00:00,       17.46
07/05/2007 00:00,       16.92
08/05/2007 00:00,       16.53
09/05/2007 00:00,       16.04
10/05/2007 00:00,       15.84
11/05/2007 00:00,       15.72
12/05/2007 00:00,       15.65
13/05/2007 00:00,       16.00
14/05/2007 00:00,       16.79
15/05/2007 00:00,       16.94
16/05/2007 00:00,       16.79
17/05/2007 00:00,       16.21
18/05/2007 00:00,       15.98
19/05/2007 00:00,       15.43
20/05/2007 00:00,       14.59
21/05/2007 00:00,       13.81
22/05/2007 00:00,       13.22
23/05/2007 00:00,       14.29
24/05/2007 00:00,       14.20
25/05/2007 00:00,       13.91
26/05/2007 00:00,       13.61
27/05/2007 00:00,       12.80
28/05/2007 00:00,       13.25
29/05/2007 00:00,       13.33
30/05/2007 00:00,       11.22
31/05/2007 00:00,       12.29
01/06/2007 00:00,       12.91
02/06/2007 00:00,       12.72
03/06/2007 00:00,       12.21
04/06/2007 00:00,       11.99
05/06/2007 00:00,       12.18
06/06/2007 00:00,       12.42
07/06/2007 00:00,       12.04
08/06/2007 00:00,       12.16
09/06/2007 00:00,       12.79
10/06/2007 00:00,       12.84
11/06/2007 00:00,       12.86
12/06/2007 00:00,       12.26
13/06/2007 00:00,       11.73
14/06/2007 00:00,       11.28
15/06/2007 00:00,       10.55
16/06/2007 00:00,       10.07
17/06/2007 00:00,       10.41
18/06/2007 00:00,       10.22
19/06/2007 00:00,        9.58
20/06/2007 00:00,       10.45
21/06/2007 00:00,       11.14
22/06/2007 00:00,       11.33
23/06/2007 00:00,       10.91
24/06/2007 00:00,        9.48
25/06/2007 00:00,        9.33
26/06/2007 00:00,        9.94
27/06/2007 00:00,       10.46
28/06/2007 00:00,       11.57
29/06/2007 00:00,       12.23
30/06/2007 00:00,       12.02
01/07/2007 00:00,       12.32
02/07/2007 00:00,       11.78
03/07/2007 00:00,       11.87
04/07/2007 00:00,       11.63
05/07/2007 00:00,       10.84
06/07/2007 00:00,       11.07
07/07/2007 00:00,       10.90
08/07/2007 00:00,       11.23
09/07/2007 00:00,       11.61
10/07/2007 00:00,       11.01
11/07/2007 00:00,       11.22
12/07/2007 00:00,       11.23
13/07/2007 00:00,       10.76
14/07/2007 00:00,       10.62
15/07/2007 00:00,       10.50
16/07/2007 00:00,       10.86
17/07/2007 00:00,       10.31
18/07/2007 00:00,       10.12
19/07/2007 00:00,       10.42
20/07/2007 00:00,       10.63
21/07/2007 00:00,       10.31
22/07/2007 00:00,        9.75
23/07/2007 00:00,        9.51
24/07/2007 00:00,       10.39
25/07/2007 00:00,       11.35
26/07/2007 00:00,       11.99
27/07/2007 00:00,       12.28
28/07/2007 00:00,       11.83
29/07/2007 00:00,       13.09
30/07/2007 00:00,       13.50
31/07/2007 00:00,       13.14
01/08/2007 00:00,       12.84
02/08/2007 00:00,       12.51
03/08/2007 00:00,       11.87
04/08/2007 00:00,       12.00
05/08/2007 00:00,       12.85
06/08/2007 00:00,       13.19
07/08/2007 00:00,       13.31
08/08/2007 00:00,       13.25
09/08/2007 00:00,       13.34
10/08/2007 00:00,       13.22
11/08/2007 00:00,       14.07
12/08/2007 00:00,       14.00
13/08/2007 00:00,       13.34
14/08/2007 00:00,       12.40
15/08/2007 00:00,       11.03
16/08/2007 00:00,       11.18
17/08/2007 00:00,       11.31
18/08/2007 00:00,       12.39
19/08/2007 00:00,       13.05
20/08/2007 00:00,       12.93
21/08/2007 00:00,       13.03
22/08/2007 00:00,       13.16
23/08/2007 00:00,       13.46
24/08/2007 00:00,       14.64
25/08/2007 00:00,       15.29
26/08/2007 00:00,       15.17
27/08/2007 00:00,       16.15
28/08/2007 00:00,       15.97
29/08/2007 00:00,       15.61
30/08/2007 00:00,       15.44
31/08/2007 00:00,       13.48
01/09/2007 00:00,       14.02
02/09/2007 00:00,       15.40
03/09/2007 00:00,       14.62
04/09/2007 00:00,       13.84
05/09/2007 00:00,       13.70
06/09/2007 00:00,       13.85
07/09/2007 00:00,       14.86
08/09/2007 00:00,       15.79
09/09/2007 00:00,       15.19
10/09/2007 00:00,       14.67
11/09/2007 00:00,       14.25
12/09/2007 00:00,       14.68
13/09/2007 00:00,       15.93
14/09/2007 00:00,       14.58
15/09/2007 00:00,       14.10
16/09/2007 00:00,       14.08
17/09/2007 00:00,       13.24
18/09/2007 00:00,       14.06
19/09/2007 00:00,       15.05
20/09/2007 00:00,       14.53
21/09/2007 00:00,       15.20
22/09/2007 00:00,       15.96
23/09/2007 00:00,       16.53
24/09/2007 00:00,       16.79
25/09/2007 00:00,       15.90
26/09/2007 00:00,       16.49
27/09/2007 00:00,       16.79
28/09/2007 00:00,       14.14
29/09/2007 00:00,       13.80
30/09/2007 00:00,       15.47
01/10/2007 00:00,       16.94
02/10/2007 00:00,       17.48
03/10/2007 00:00,       15.85
04/10/2007 00:00,       15.55
05/10/2007 00:00,       16.38
06/10/2007 00:00,       15.71
07/10/2007 00:00,       15.75
08/10/2007 00:00,       16.62
09/10/2007 00:00,       15.93
10/10/2007 00:00,       17.38
11/10/2007 00:00,       17.38
12/10/2007 00:00,       15.31
13/10/2007 00:00,       15.03
14/10/2007 00:00,       16.20
15/10/2007 00:00,       17.76
16/10/2007 00:00,       16.14
17/10/2007 00:00,       15.63
18/10/2007 00:00,       15.04
19/10/2007 00:00,       16.30
20/10/2007 00:00,       17.16
21/10/2007 00:00,       18.86
22/10/2007 00:00,       17.78
23/10/2007 00:00,       16.81
24/10/2007 00:00,       15.41
25/10/2007 00:00,       15.22
26/10/2007 00:00,       16.78
27/10/2007 00:00,       16.90
28/10/2007 00:00,       15.86
29/10/2007 00:00,       14.94
30/10/2007 00:00,       15.79
31/10/2007 00:00,       16.48
01/11/2007 00:00,       16.74
02/11/2007 00:00,       16.57
03/11/2007 00:00,       15.40
04/11/2007 00:00,       13.55
05/11/2007 00:00,       14.68
06/11/2007 00:00,       17.26
07/11/2007 00:00,       19.10
08/11/2007 00:00,       20.90
09/11/2007 00:00,       22.12
10/11/2007 00:00,       22.86
11/11/2007 00:00,       23.22
12/11/2007 00:00,       22.77
13/11/2007 00:00,       23.22
14/11/2007 00:00,       23.16
15/11/2007 00:00,       23.81
16/11/2007 00:00,       24.71
17/11/2007 00:00,       22.71
18/11/2007 00:00,       23.08
19/11/2007 00:00,       24.42
20/11/2007 00:00,       21.81
21/11/2007 00:00,       18.50
22/11/2007 00:00,       18.22
23/11/2007 00:00,       18.73
24/11/2007 00:00,       20.28
25/11/2007 00:00,       20.68
26/11/2007 00:00,       20.55
27/11/2007 00:00,       21.86
28/11/2007 00:00,       22.89
29/11/2007 00:00,       23.33
30/11/2007 00:00,       22.06
01/12/2007 00:00,       23.43
02/12/2007 00:00,       22.24
03/12/2007 00:00,       19.89
04/12/2007 00:00,       19.28
05/12/2007 00:00,       20.74
06/12/2007 00:00,       20.63
07/12/2007 00:00,       20.30
08/12/2007 00:00,       21.74
09/12/2007 00:00,       20.23
10/12/2007 00:00,       19.19
11/12/2007 00:00,       21.22
12/12/2007 00:00,       21.47
13/12/2007 00:00,       21.46
14/12/2007 00:00,       23.05
15/12/2007 00:00,       20.06
16/12/2007 00:00,       19.13
17/12/2007 00:00,       19.23
18/12/2007 00:00,       20.19
19/12/2007 00:00,       23.61
20/12/2007 00:00,       25.60
21/12/2007 00:00,       22.67
22/12/2007 00:00,       17.97
23/12/2007 00:00,       17.76
24/12/2007 00:00,       18.87
25/12/2007 00:00,       19.56
26/12/2007 00:00,       21.49
27/12/2007 00:00,       23.15
28/12/2007 00:00,       25.29
29/12/2007 00:00,       26.69
30/12/2007 00:00,       27.00
31/12/2007 00:00,       27.59
01/01/2008 00:00,       26.31
02/01/2008 00:00,       22.22
03/01/2008 00:00,       20.96
04/01/2008 00:00,       23.78
05/01/2008 00:00,       26.09
06/01/2008 00:00,       23.14
07/01/2008 00:00,       22.80
08/01/2008 00:00,       22.43
09/01/2008 00:00,       23.14
10/01/2008 00:00,       25.45
11/01/2008 00:00,       24.53
12/01/2008 00:00,       23.83
13/01/2008 00:00,       21.07
14/01/2008 00:00,       20.87
15/01/2008 00:00,       22.52
16/01/2008 00:00,       21.19
17/01/2008 00:00,       20.15
18/01/2008 00:00,       21.28
19/01/2008 00:00,       24.92
20/01/2008 00:00,       22.76
21/01/2008 00:00,       19.76
22/01/2008 00:00,       20.01
23/01/2008 00:00,       22.22
24/01/2008 00:00,       22.99
25/01/2008 00:00,       24.43
26/01/2008 00:00,       23.12
27/01/2008 00:00,       22.89
28/01/2008 00:00,       23.28
29/01/2008 00:00,       23.45
30/01/2008 00:00,       24.26
31/01/2008 00:00,       22.84
01/02/2008 00:00,       22.36
02/02/2008 00:00,       23.58
03/02/2008 00:00,       22.60
04/02/2008 00:00,       21.43
05/02/2008 00:00,       20.10
06/02/2008 00:00,       18.64
07/02/2008 00:00,       17.90
08/02/2008 00:00,       18.20
09/02/2008 00:00,       18.34
10/02/2008 00:00,       18.64
11/02/2008 00:00,       20.01
12/02/2008 00:00,       20.82
13/02/2008 00:00,       17.95
14/02/2008 00:00,       19.16
15/02/2008 00:00,       20.43
16/02/2008 00:00,       21.43
17/02/2008 00:00,       22.75
18/02/2008 00:00,       24.04
19/02/2008 00:00,       24.94
20/02/2008 00:00,       21.55
21/02/2008 00:00,       20.57
22/02/2008 00:00,       19.96
23/02/2008 00:00,       18.70
24/02/2008 00:00,       20.19
25/02/2008 00:00,       21.12
26/02/2008 00:00,       21.18
27/02/2008 00:00,       21.01
28/02/2008 00:00,       19.25
29/02/2008 00:00,       18.03
01/03/2008 00:00,       18.28
02/03/2008 00:00,       19.44
03/03/2008 00:00,       21.03
04/03/2008 00:00,       21.33
05/03/2008 00:00,       23.01
06/03/2008 00:00,       25.02
07/03/2008 00:00,       23.78
08/03/2008 00:00,       24.84
09/03/2008 00:00,       26.27
10/03/2008 00:00,       26.85
11/03/2008 00:00,       24.50
12/03/2008 00:00,       23.34
13/03/2008 00:00,       24.99
14/03/2008 00:00,       23.81
15/03/2008 00:00,       22.93
16/03/2008 00:00,       25.53
17/03/2008 00:00,       26.22
18/03/2008 00:00,       22.81
19/03/2008 00:00,       20.68
20/03/2008 00:00,       18.77
21/03/2008 00:00,       17.70
22/03/2008 00:00,       18.64
23/03/2008 00:00,       18.94
24/03/2008 00:00,       20.52
25/03/2008 00:00,       19.50
26/03/2008 00:00,       16.87
27/03/2008 00:00,       17.11
28/03/2008 00:00,       17.95
29/03/2008 00:00,       17.85
30/03/2008 00:00,       17.11
31/03/2008 00:00,       17.94
01/04/2008 00:00,       18.57
02/04/2008 00:00,       17.42
03/04/2008 00:00,       14.57
04/04/2008 00:00,       15.31
05/04/2008 00:00,       16.75
06/04/2008 00:00,       17.13
07/04/2008 00:00,       17.61
08/04/2008 00:00,       18.02
09/04/2008 00:00,       19.03
10/04/2008 00:00,       20.11
11/04/2008 00:00,       19.15
12/04/2008 00:00,       17.59
13/04/2008 00:00,       16.90
14/04/2008 00:00,       17.67
15/04/2008 00:00,       17.72
16/04/2008 00:00,       17.24
17/04/2008 00:00,       17.00
18/04/2008 00:00,       16.61
19/04/2008 00:00,       16.75
20/04/2008 00:00,       17.12
21/04/2008 00:00,       17.97
22/04/2008 00:00,       17.36
23/04/2008 00:00,       16.48
24/04/2008 00:00,       16.78
25/04/2008 00:00,       17.54
26/04/2008 00:00,       15.98
27/04/2008 00:00,       13.46
28/04/2008 00:00,       12.79
29/04/2008 00:00,       13.58
30/04/2008 00:00,       13.65
01/05/2008 00:00,       14.60
02/05/2008 00:00,       14.96
03/05/2008 00:00,       15.37
04/05/2008 00:00,       15.92
05/05/2008 00:00,       16.00
06/05/2008 00:00,       16.09
07/05/2008 00:00,       16.61
08/05/2008 00:00,       17.38
09/05/2008 00:00,       16.50
10/05/2008 00:00,       16.06
11/05/2008 00:00,       16.00
12/05/2008 00:00,       16.56
13/05/2008 00:00,       16.40
14/05/2008 00:00,       15.64
15/05/2008 00:00,       15.36
16/05/2008 00:00,       14.57
17/05/2008 00:00,       12.14
18/05/2008 00:00,       13.14
19/05/2008 00:00,       14.08
20/05/2008 00:00,       15.17
21/05/2008 00:00,       15.43
22/05/2008 00:00,       14.84
23/05/2008 00:00,       13.77
24/05/2008 00:00,       13.14
25/05/2008 00:00,       13.44
26/05/2008 00:00,       14.16
27/05/2008 00:00,       14.17
28/05/2008 00:00,       13.62
29/05/2008 00:00,       13.26
30/05/2008 00:00,       13.47
31/05/2008 00:00,       13.82
01/06/2008 00:00,       13.20
02/06/2008 00:00,       13.03
03/06/2008 00:00,       13.39
04/06/2008 00:00,       13.73
05/06/2008 00:00,       14.08
06/06/2008 00:00,       13.87
07/06/2008 00:00,       13.09
08/06/2008 00:00,       12.66
09/06/2008 00:00,       12.57
10/06/2008 00:00,       12.62
11/06/2008 00:00,       13.10
12/06/2008 00:00,       13.21
13/06/2008 00:00,       12.15
14/06/2008 00:00,       11.93
15/06/2008 00:00,       12.24
16/06/2008 00:00,       11.54
17/06/2008 00:00,       10.97
18/06/2008 00:00,       11.66
19/06/2008 00:00,       12.17
20/06/2008 00:00,       12.59
21/06/2008 00:00,       13.55
22/06/2008 00:00,       13.81
23/06/2008 00:00,       13.65
24/06/2008 00:00,       13.45
25/06/2008 00:00,       12.38
26/06/2008 00:00,       11.59
27/06/2008 00:00,       11.80
28/06/2008 00:00,       11.60
29/06/2008 00:00,       11.25
30/06/2008 00:00,       11.08
01/07/2008 00:00,       11.96
02/07/2008 00:00,       12.16
03/07/2008 00:00,       11.85
04/07/2008 00:00,       12.14
05/07/2008 00:00,       11.07
06/07/2008 00:00,       10.92
07/07/2008 00:00,       10.73
08/07/2008 00:00,        9.81
09/07/2008 00:00,       10.63
10/07/2008 00:00,       10.40
11/07/2008 00:00,       10.25
12/07/2008 00:00,       10.01
13/07/2008 00:00,       10.00
14/07/2008 00:00,       11.61
15/07/2008 00:00,       12.00
16/07/2008 00:00,       11.38
17/07/2008 00:00,       10.90
18/07/2008 00:00,       10.51
19/07/2008 00:00,       10.42
20/07/2008 00:00,       10.31
21/07/2008 00:00,       10.74
22/07/2008 00:00,       10.62
23/07/2008 00:00,       10.77
24/07/2008 00:00,       10.41
25/07/2008 00:00,       10.80
26/07/2008 00:00,       11.26
27/07/2008 00:00,       10.09
28/07/2008 00:00,        9.65
29/07/2008 00:00,        9.51
30/07/2008 00:00,       10.51
31/07/2008 00:00,       11.72
01/08/2008 00:00,       11.50
02/08/2008 00:00,       11.29
03/08/2008 00:00,       11.67
04/08/2008 00:00,       12.40
05/08/2008 00:00,       12.84
06/08/2008 00:00,       11.93
07/08/2008 00:00,       10.85
08/08/2008 00:00,       11.22
09/08/2008 00:00,       10.53
10/08/2008 00:00,        9.47
11/08/2008 00:00,       10.15
12/08/2008 00:00,       10.70
13/08/2008 00:00,       11.78
14/08/2008 00:00,       11.60
15/08/2008 00:00,       11.76
16/08/2008 00:00,       12.31
17/08/2008 00:00,       12.69
18/08/2008 00:00,       13.36
19/08/2008 00:00,       13.59
20/08/2008 00:00,       12.61
21/08/2008 00:00,       11.90
22/08/2008 00:00,       11.19
23/08/2008 00:00,       12.63
24/08/2008 00:00,       12.94
25/08/2008 00:00,       13.70
26/08/2008 00:00,       13.86
27/08/2008 00:00,       13.07
28/08/2008 00:00,       12.63
29/08/2008 00:00,       12.80
30/08/2008 00:00,       13.52
31/08/2008 00:00,       13.61
01/09/2008 00:00,       13.73
02/09/2008 00:00,       15.12
03/09/2008 00:00,       14.56
04/09/2008 00:00,       14.64
05/09/2008 00:00,       15.24
06/09/2008 00:00,       15.38
07/09/2008 00:00,       15.73
08/09/2008 00:00,       15.83
09/09/2008 00:00,       15.04
10/09/2008 00:00,       14.82
11/09/2008 00:00,       15.81
12/09/2008 00:00,       17.30
13/09/2008 00:00,       17.57
14/09/2008 00:00,       15.83
15/09/2008 00:00,       13.81
16/09/2008 00:00,       12.53
17/09/2008 00:00,       13.75
18/09/2008 00:00,       15.40
19/09/2008 00:00,       16.70
20/09/2008 00:00,       15.95
21/09/2008 00:00,       15.93
22/09/2008 00:00,       15.08
23/09/2008 00:00,       13.79
24/09/2008 00:00,       14.74
25/09/2008 00:00,       15.66
26/09/2008 00:00,       17.85
27/09/2008 00:00,       18.67
28/09/2008 00:00,       18.01
29/09/2008 00:00,       17.81
30/09/2008 00:00,       16.70
01/10/2008 00:00,       16.95
02/10/2008 00:00,       18.73
03/10/2008 00:00,       18.07
04/10/2008 00:00,       18.35
05/10/2008 00:00,       18.62
06/10/2008 00:00,       16.38
07/10/2008 00:00,       15.50
08/10/2008 00:00,       16.22
09/10/2008 00:00,       17.32
10/10/2008 00:00,       19.25
11/10/2008 00:00,       20.92
12/10/2008 00:00,       19.87
13/10/2008 00:00,       19.09
14/10/2008 00:00,       18.55
15/10/2008 00:00,       19.17
16/10/2008 00:00,       19.21
17/10/2008 00:00,       21.00
18/10/2008 00:00,       22.22
19/10/2008 00:00,       20.21
20/10/2008 00:00,       18.60
21/10/2008 00:00,       17.56
22/10/2008 00:00,       17.72
23/10/2008 00:00,       17.68
24/10/2008 00:00,       20.32
25/10/2008 00:00,       20.94
26/10/2008 00:00,       20.38
27/10/2008 00:00,       19.79
28/10/2008 00:00,       19.92
29/10/2008 00:00,       19.55
30/10/2008 00:00,       21.39
31/10/2008 00:00,       18.95
01/11/2008 00:00,       18.89
02/11/2008 00:00,       19.68
03/11/2008 00:00,       18.35
04/11/2008 00:00,       17.83
05/11/2008 00:00,       21.06
06/11/2008 00:00,       21.47
07/11/2008 00:00,       19.85
08/11/2008 00:00,       17.07
09/11/2008 00:00,       18.92
10/11/2008 00:00,       20.85
11/11/2008 00:00,       23.01
12/11/2008 00:00,       23.69
13/11/2008 00:00,       23.79
14/11/2008 00:00,       21.31
15/11/2008 00:00,       19.21
16/11/2008 00:00,       18.60
17/11/2008 00:00,       18.39
18/11/2008 00:00,       18.35
19/11/2008 00:00,       18.48
20/11/2008 00:00,       18.99
21/11/2008 00:00,       17.23
22/11/2008 00:00,       14.36
23/11/2008 00:00,       15.82
24/11/2008 00:00,       18.66
25/11/2008 00:00,       19.39
26/11/2008 00:00,       22.44
27/11/2008 00:00,       21.75
28/11/2008 00:00,       19.76
29/11/2008 00:00,       19.42
30/11/2008 00:00,       20.38
01/12/2008 00:00,       19.99
02/12/2008 00:00,       19.29
03/12/2008 00:00,       20.45
04/12/2008 00:00,       19.40
05/12/2008 00:00,       19.85
06/12/2008 00:00,       20.48
07/12/2008 00:00,       19.50
08/12/2008 00:00,       19.69
09/12/2008 00:00,       20.10
10/12/2008 00:00,       19.66
11/12/2008 00:00,       19.87
12/12/2008 00:00,       19.49
13/12/2008 00:00,       17.84
14/12/2008 00:00,       17.99
15/12/2008 00:00,       20.81
16/12/2008 00:00,       22.10
17/12/2008 00:00,       22.21
18/12/2008 00:00,       21.55
19/12/2008 00:00,       20.00
20/12/2008 00:00,       20.74
21/12/2008 00:00,       21.47
22/12/2008 00:00,       21.57
23/12/2008 00:00,       20.61
24/12/2008 00:00,       22.91
25/12/2008 00:00,       22.60
26/12/2008 00:00,       24.09
27/12/2008 00:00,       24.98
28/12/2008 00:00,       22.69
29/12/2008 00:00,       20.81
30/12/2008 00:00,       20.33
31/12/2008 00:00,       20.51
01/01/2009 00:00,       19.93
02/01/2009 00:00,       19.19
03/01/2009 00:00,       19.88
04/01/2009 00:00,       22.82
05/01/2009 00:00,       23.77
06/01/2009 00:00,       24.06
07/01/2009 00:00,       23.00
08/01/2009 00:00,       20.21
09/01/2009 00:00,       19.52
10/01/2009 00:00,       20.44
11/01/2009 00:00,       21.56
12/01/2009 00:00,       22.32
13/01/2009 00:00,       23.68
14/01/2009 00:00,       23.65
15/01/2009 00:00,       21.95
16/01/2009 00:00,       21.05
17/01/2009 00:00,       20.96
18/01/2009 00:00,       21.97
19/01/2009 00:00,       24.60
20/01/2009 00:00,       25.00
21/01/2009 00:00,       24.63
22/01/2009 00:00,       23.29
23/01/2009 00:00,       21.87
24/01/2009 00:00,       21.93
25/01/2009 00:00,       22.98
26/01/2009 00:00,       23.50
27/01/2009 00:00,       23.99
28/01/2009 00:00,       26.82
29/01/2009 00:00,       27.55
30/01/2009 00:00,       28.34
31/01/2009 00:00,       27.55
01/02/2009 00:00,       26.51
02/02/2009 00:00,       25.52
03/02/2009 00:00,       25.92
04/02/2009 00:00,       25.95
05/02/2009 00:00,       24.49
06/02/2009 00:00,       25.26
07/02/2009 00:00,       26.12
08/02/2009 00:00,       22.28
09/02/2009 00:00,""
10/02/2009 00:00,""
11/02/2009 00:00,""
12/02/2009 00:00,""
13/02/2009 00:00,""
14/02/2009 00:00,""
15/02/2009 00:00,""
16/02/2009 00:00,""
17/02/2009 00:00,""
18/02/2009 00:00,""
19/02/2009 00:00,""
20/02/2009 00:00,""
21/02/2009 00:00,""
22/02/2009 00:00,""
23/02/2009 00:00,""
24/02/2009 00:00,""
25/02/2009 00:00,""
26/02/2009 00:00,""
27/02/2009 00:00,""
28/02/2009 00:00,""
01/03/2009 00:00,""
02/03/2009 00:00,""
03/03/2009 00:00,""
04/03/2009 00:00,""
05/03/2009 00:00,""
06/03/2009 00:00,       19.40
07/03/2009 00:00,       19.89
08/03/2009 00:00,       19.55
09/03/2009 00:00,       20.42
10/03/2009 00:00,       21.36
11/03/2009 00:00,       23.06
12/03/2009 00:00,       23.80
13/03/2009 00:00,       24.22
14/03/2009 00:00,       21.18
15/03/2009 00:00,       18.22
16/03/2009 00:00,       17.99
17/03/2009 00:00,       18.53
18/03/2009 00:00,       19.66
19/03/2009 00:00,       21.69
20/03/2009 00:00,       21.45
21/03/2009 00:00,       21.08
22/03/2009 00:00,       20.25
23/03/2009 00:00,       19.83
24/03/2009 00:00,       18.89
25/03/2009 00:00,       20.90
26/03/2009 00:00,       21.07
27/03/2009 00:00,       20.53
28/03/2009 00:00,       19.77
29/03/2009 00:00,       20.29
30/03/2009 00:00,       20.66
31/03/2009 00:00,       20.68
01/04/2009 00:00,       20.87
02/04/2009 00:00,       22.21
03/04/2009 00:00,       20.11
04/04/2009 00:00,       17.76
05/04/2009 00:00,       17.56
06/04/2009 00:00,       15.85
07/04/2009 00:00,       15.56
08/04/2009 00:00,       16.44
09/04/2009 00:00,       17.42
10/04/2009 00:00,       18.80
11/04/2009 00:00,       18.88
12/04/2009 00:00,       18.79
13/04/2009 00:00,       19.41
14/04/2009 00:00,       20.00
15/04/2009 00:00,       17.48
16/04/2009 00:00,       17.35
17/04/2009 00:00,       17.89
18/04/2009 00:00,       18.80
19/04/2009 00:00,       18.41
20/04/2009 00:00,       17.69
21/04/2009 00:00,       17.54
22/04/2009 00:00,       17.39
23/04/2009 00:00,       16.16
24/04/2009 00:00,       16.03
25/04/2009 00:00,       15.29
26/04/2009 00:00,       12.52
27/04/2009 00:00,       13.47
28/04/2009 00:00,       14.23
29/04/2009 00:00,       14.56
30/04/2009 00:00,       14.96
01/05/2009 00:00,       15.03
02/05/2009 00:00,       15.49
03/05/2009 00:00,       16.64
04/05/2009 00:00,       16.12
05/05/2009 00:00,       15.81
06/05/2009 00:00,       15.93
07/05/2009 00:00,       16.10
08/05/2009 00:00,       16.07
09/05/2009 00:00,       15.84
10/05/2009 00:00,       15.67
11/05/2009 00:00,       15.58
12/05/2009 00:00,       15.79
13/05/2009 00:00,       15.65
14/05/2009 00:00,       14.87
15/05/2009 00:00,       15.47
16/05/2009 00:00,       15.88
17/05/2009 00:00,       15.64
18/05/2009 00:00,       15.43
19/05/2009 00:00,       15.41
20/05/2009 00:00,       15.37
21/05/2009 00:00,       15.50
22/05/2009 00:00,""
